ts_code,trade_date,open,high,low,close,pre_close,change,pct_chg,vol,amount
600290.SH,20120104,7.33,7.38,7.07,7.19,7.31,-0.12,-1.64,24778.93,17885.603
600290.SH,20120105,7.0,7.21,6.69,7.1,7.19,-0.09,-1.25,43258.42,30597.335
600290.SH,20120106,7.09,7.19,6.98,7.18,7.1,0.08,1.13,51309.8,36492.831
600290.SH,20120109,7.2,7.47,7.13,7.45,7.18,0.27,3.76,66593.93,48668.758
600290.SH,20120110,7.42,7.74,7.37,7.69,7.45,0.24,3.22,83788.1,63338.646
600290.SH,20120111,7.65,7.71,7.55,7.62,7.69,-0.07,-0.91,60559.3,46170.109
600290.SH,20120112,7.58,7.8,7.55,7.74,7.62,0.12,1.57,54042.92,41511.519
600290.SH,20120113,7.76,7.76,7.3,7.32,7.74,-0.42,-5.43,52663.45,39297.057
600290.SH,20120116,7.22,7.22,6.82,6.9,7.32,-0.42,-5.74,43307.46,30341.318
600290.SH,20120117,6.9,7.25,6.75,7.24,6.9,0.34,4.93,47471.94,33460.834
600290.SH,20120118,7.22,7.33,6.98,7.11,7.24,-0.13,-1.8,44659.17,31891.835
600290.SH,20120119,7.08,7.18,6.98,7.13,7.11,0.02,0.28,31623.9,22411.993
600290.SH,20120120,7.08,7.18,7.08,7.14,7.13,0.01,0.14,34545.39,24629.692
600290.SH,20120130,7.2,7.2,7.09,7.16,7.14,0.02,0.28,29206.73,20897.646
600290.SH,20120131,7.05,7.16,6.99,7.07,7.16,-0.09,-1.26,22026.12,15575.506
600290.SH,20120201,7.07,7.12,6.97,7.06,7.07,-0.01,-0.14,28688.61,20223.768
600290.SH,20120202,7.07,7.13,7.02,7.13,7.06,0.07,0.99,31103.34,22022.084
600290.SH,20120203,7.13,7.32,7.08,7.26,7.13,0.13,1.82,60014.64,43378.63
600290.SH,20120206,7.28,7.65,7.26,7.52,7.26,0.26,3.58,93873.32,70111.928
600290.SH,20120207,7.48,7.5,7.21,7.27,7.52,-0.25,-3.32,64844.17,47423.657
600290.SH,20120208,7.21,7.49,7.21,7.47,7.27,0.2,2.75,63232.16,46536.696
600290.SH,20120209,7.5,7.7,7.47,7.55,7.47,0.08,1.07,93366.93,70785.266
600290.SH,20120210,7.58,7.72,7.51,7.7,7.55,0.15,1.99,106230.5,81140.567
600290.SH,20120213,7.66,7.79,7.55,7.77,7.7,0.07,0.91,123422.7,95110.298
600290.SH,20120214,7.9,8.0,7.63,7.69,7.77,-0.08,-1.03,168798.18,132041.004
600290.SH,20120215,7.68,7.82,7.52,7.77,7.69,0.08,1.04,118690.81,91242.384
600290.SH,20120216,7.73,8.18,7.73,8.05,7.77,0.28,3.6,255067.42,203565.075
600290.SH,20120217,7.97,8.04,7.78,7.88,8.05,-0.17,-2.11,138869.85,109895.247
600290.SH,20120221,7.94,7.96,7.66,7.9,7.88,0.02,0.25,102091.28,79752.333
600290.SH,20120222,7.9,8.12,7.86,8.04,7.9,0.14,1.77,133945.43,107171.128
600290.SH,20120223,8.04,8.13,7.92,7.99,8.04,-0.05,-0.62,98988.74,79262.937
600290.SH,20120224,8.01,8.11,7.94,8.09,7.99,0.1,1.25,121876.39,98121.225
600290.SH,20120227,8.18,8.3,8.03,8.06,8.09,-0.03,-0.37,167684.81,136749.528
600290.SH,20120228,8.01,8.07,7.85,7.93,8.06,-0.13,-1.61,100370.19,79773.037
600290.SH,20120229,7.93,7.97,7.8,7.81,7.93,-0.12,-1.51,66840.64,52624.289
600290.SH,20120301,7.79,8.09,7.78,8.07,7.81,0.26,3.33,115632.66,92352.111
600290.SH,20120302,8.06,8.42,8.03,8.39,8.07,0.32,3.97,329423.45,273999.81
600290.SH,20120305,8.4,8.59,8.36,8.53,8.39,0.14,1.67,265247.18,224276.142
600290.SH,20120306,8.46,9.38,8.46,9.38,8.53,0.85,9.96,838321.94,769081.165
600290.SH,20120307,9.25,9.46,9.13,9.41,9.38,0.03,0.32,484672.12,453399.266
600290.SH,20120308,9.3,9.89,9.29,9.74,9.41,0.33,3.51,820992.06,785941.293
600290.SH,20120309,9.74,9.78,9.45,9.6,9.74,-0.14,-1.44,630002.27,603985.29
600290.SH,20120312,9.5,9.63,9.19,9.31,9.6,-0.29,-3.02,507323.76,475872.536
600290.SH,20120313,9.3,9.33,9.08,9.25,9.31,-0.06,-0.64,356122.05,327003.811
600290.SH,20120314,9.25,9.33,8.33,8.54,9.25,-0.71,-7.68,427899.85,384427.252
600290.SH,20120315,8.49,8.6,8.19,8.34,8.54,-0.2,-2.34,241181.3,201919.519
600290.SH,20120316,8.38,8.68,8.27,8.65,8.34,0.31,3.72,245552.04,208293.64
600290.SH,20120319,8.62,8.67,8.4,8.65,8.65,0.0,0.0,163444.47,139805.723
600290.SH,20120320,8.62,8.62,8.23,8.25,8.65,-0.4,-4.62,148672.89,125021.29
600290.SH,20120321,8.28,8.44,8.14,8.41,8.25,0.16,1.94,143184.91,119084.621
600290.SH,20120322,8.4,8.57,8.32,8.47,8.41,0.06,0.71,122172.89,103238.473
600290.SH,20120323,8.4,8.4,8.08,8.13,8.47,-0.34,-4.01,127174.86,104245.002
600290.SH,20120326,8.1,8.22,8.05,8.2,8.13,0.07,0.86,61459.42,49954.233
600290.SH,20120327,8.26,8.35,8.09,8.19,8.2,-0.01,-0.12,88227.43,72586.853
600290.SH,20120328,8.17,8.17,7.49,7.5,8.19,-0.69,-8.42,143631.43,112420.409
600290.SH,20120329,7.5,7.65,7.26,7.34,7.5,-0.16,-2.13,101046.93,75476.497
600290.SH,20120330,7.23,7.49,7.11,7.21,7.34,-0.13,-1.77,91815.43,66728.627
600290.SH,20120405,7.26,7.47,7.21,7.44,7.21,0.23,3.19,77437.34,57028.438
600290.SH,20120406,7.44,7.58,7.33,7.46,7.44,0.02,0.27,84819.0,63319.947
600290.SH,20120409,7.43,7.49,7.27,7.29,7.46,-0.17,-2.28,72956.74,53780.609
600290.SH,20120410,7.25,7.54,7.19,7.52,7.29,0.23,3.16,85574.06,62896.615
600290.SH,20120411,7.44,7.63,7.4,7.6,7.52,0.08,1.06,92454.52,69607.584
600290.SH,20120412,7.65,7.75,7.52,7.75,7.6,0.15,1.97,109500.53,83935.206
600290.SH,20120413,7.76,7.81,7.62,7.74,7.75,-0.01,-0.13,107392.23,83018.321
600290.SH,20120416,7.66,7.83,7.62,7.79,7.74,0.05,0.65,90196.6,69726.248
600290.SH,20120417,7.82,7.85,7.54,7.56,7.79,-0.23,-2.95,84080.21,64484.734
600290.SH,20120418,7.58,7.86,7.54,7.77,7.56,0.21,2.78,94766.98,73036.254
600290.SH,20120419,7.79,7.93,7.75,7.81,7.77,0.04,0.51,92922.45,72731.544
600290.SH,20120420,7.82,7.92,7.72,7.88,7.81,0.07,0.9,94087.89,73768.425
600290.SH,20120423,7.86,7.89,7.51,7.54,7.88,-0.34,-4.31,109571.28,84408.796
600290.SH,20120424,7.42,7.46,7.03,7.26,7.54,-0.28,-3.71,158878.78,114822.367
600290.SH,20120425,7.24,7.46,7.19,7.42,7.26,0.16,2.2,88936.29,65156.843
600290.SH,20120426,7.47,8.16,7.46,8.0,7.42,0.58,7.82,343631.02,274924.781
600290.SH,20120427,7.88,7.94,7.7,7.72,8.0,-0.28,-3.5,144049.01,112028.72
600290.SH,20120502,7.81,7.97,7.75,7.84,7.72,0.12,1.55,91798.25,72019.414
600290.SH,20120503,7.82,7.85,7.59,7.74,7.84,-0.1,-1.28,82754.08,63836.379
600290.SH,20120504,7.77,7.85,7.71,7.83,7.74,0.09,1.16,70724.96,55133.966
600290.SH,20120507,7.77,7.83,7.62,7.76,7.83,-0.07,-0.89,74561.03,57560.71
600290.SH,20120508,7.75,7.78,7.63,7.7,7.76,-0.06,-0.77,69975.83,53921.582
600290.SH,20120509,7.65,7.66,7.36,7.39,7.7,-0.31,-4.03,96977.59,72340.324
600290.SH,20120510,7.38,7.47,7.33,7.45,7.39,0.06,0.81,55038.83,40806.714
600290.SH,20120511,7.45,7.56,7.39,7.41,7.45,-0.04,-0.54,48880.03,36547.415
600290.SH,20120514,7.45,7.52,7.38,7.41,7.41,0.0,0.0,41644.28,31041.25
600290.SH,20120515,7.37,7.37,7.24,7.3,7.41,-0.11,-1.48,41633.53,30335.896
600290.SH,20120517,7.2,7.39,7.11,7.37,7.3,0.07,0.96,47462.23,34658.793
600290.SH,20120518,7.32,7.34,7.16,7.19,7.37,-0.18,-2.44,47689.82,34495.264
600290.SH,20120521,7.2,7.29,7.16,7.22,7.19,0.03,0.42,28126.64,20350.234
600290.SH,20120522,7.28,7.34,7.24,7.32,7.22,0.1,1.39,32088.51,23421.893
600290.SH,20120523,7.31,7.33,7.2,7.24,7.32,-0.08,-1.09,33123.53,24046.172
600290.SH,20120524,7.24,7.36,7.21,7.32,7.24,0.08,1.11,51589.01,37700.577
600290.SH,20120525,7.3,7.41,7.28,7.31,7.32,-0.01,-0.14,46895.13,34405.724
600290.SH,20120528,7.3,7.37,7.06,7.36,7.31,0.05,0.68,49930.19,36039.404
600290.SH,20120529,7.36,7.64,7.36,7.56,7.36,0.2,2.72,97274.31,73260.279
600290.SH,20120530,7.57,7.62,7.46,7.55,7.56,-0.01,-0.13,52891.99,39845.141
600290.SH,20120531,7.46,7.55,7.39,7.44,7.55,-0.11,-1.46,56215.44,41950.451
600290.SH,20120601,7.45,7.61,7.44,7.47,7.44,0.03,0.4,43039.03,32393.66
600290.SH,20120604,7.35,7.35,7.1,7.13,7.47,-0.34,-4.55,61851.32,44618.112
600290.SH,20120605,7.13,7.19,7.1,7.14,7.13,0.01,0.14,32885.1,23487.295
600290.SH,20120606,7.18,7.19,6.99,7.03,7.14,-0.11,-1.54,41854.06,29628.004
600290.SH,20120607,7.08,7.15,6.92,6.94,7.03,-0.09,-1.28,35643.05,25038.703
600290.SH,20120608,7.04,7.06,6.84,6.86,6.94,-0.08,-1.15,32194.85,22331.33
600290.SH,20120611,6.89,6.96,6.8,6.91,6.86,0.05,0.73,47411.26,32627.002
600290.SH,20120612,6.91,6.91,6.76,6.79,6.91,-0.12,-1.74,35792.48,24406.343
600290.SH,20120613,6.79,6.94,6.79,6.92,6.79,0.13,1.91,37487.87,25765.653
600290.SH,20120615,6.9,6.95,6.81,6.89,6.92,-0.03,-0.43,38084.17,26208.398
600290.SH,20120618,6.89,7.02,6.89,6.96,6.89,0.07,1.02,41345.52,28836.23
600290.SH,20120619,6.93,6.98,6.82,6.86,6.96,-0.1,-1.44,44415.69,30698.125
600290.SH,20120620,6.86,6.94,6.83,6.89,6.86,0.03,0.44,25892.53,17822.444
600290.SH,20120621,6.89,6.9,6.68,6.71,6.89,-0.18,-2.61,41394.45,27953.195
600290.SH,20120625,6.71,6.72,6.36,6.38,6.71,-0.33,-4.92,57797.02,37601.667
600290.SH,20120626,6.38,6.5,6.33,6.43,6.38,0.05,0.78,33358.74,21411.305
600290.SH,20120627,6.6,6.86,6.52,6.53,6.43,0.1,1.56,89361.68,59755.235
600290.SH,20120628,6.4,6.56,6.36,6.39,6.53,-0.14,-2.14,33172.79,21419.106
600290.SH,20120629,6.37,6.55,6.33,6.52,6.39,0.13,2.03,37199.59,24052.682
600290.SH,20120702,6.56,6.64,6.5,6.63,6.52,0.11,1.69,31408.6,20726.04
600290.SH,20120703,6.65,6.69,6.52,6.67,6.63,0.04,0.6,47622.61,31461.588
600290.SH,20120704,6.74,6.75,6.52,6.54,6.67,-0.13,-1.95,36300.14,24092.846
600290.SH,20120705,6.55,6.55,6.35,6.41,6.54,-0.13,-1.99,30599.51,19630.699
600290.SH,20120706,6.43,6.55,6.36,6.53,6.41,0.12,1.87,30479.41,19655.039
600290.SH,20120709,6.51,6.56,6.3,6.32,6.53,-0.21,-3.22,27842.02,17949.265
600290.SH,20120710,6.27,6.36,6.2,6.24,6.32,-0.08,-1.27,25338.94,15856.377
600290.SH,20120711,6.25,6.31,6.22,6.28,6.24,0.04,0.64,22251.49,13936.579
600290.SH,20120712,6.28,6.39,6.25,6.36,6.28,0.08,1.27,29983.85,18987.684
600290.SH,20120713,6.32,6.42,6.32,6.35,6.36,-0.01,-0.16,24880.22,15849.586
600290.SH,20120716,6.44,6.48,6.03,6.05,6.35,-0.3,-4.72,36937.49,22911.5
600290.SH,20120717,6.03,6.13,6.0,6.06,6.05,0.01,0.17,25277.99,15319.327
600290.SH,20120718,6.13,6.13,5.85,6.06,6.06,0.0,0.0,49618.7,29584.245
600290.SH,20120719,6.01,6.21,5.91,6.15,6.06,0.09,1.49,47668.7,29217.475
600290.SH,20120720,6.2,6.2,6.07,6.09,6.15,-0.06,-0.98,29930.97,18355.678
600290.SH,20120723,6.0,6.05,5.86,5.93,6.09,-0.16,-2.63,31042.01,18433.744
600290.SH,20120724,5.92,6.03,5.9,5.98,5.93,0.05,0.84,25170.02,15003.332
600290.SH,20120725,5.97,5.99,5.86,5.89,5.98,-0.09,-1.51,24138.26,14326.29
600290.SH,20120726,5.89,5.98,5.83,5.83,5.89,-0.06,-1.02,24382.15,14373.834
600290.SH,20120727,5.83,5.93,5.81,5.87,5.83,0.04,0.69,19982.01,11695.566
600290.SH,20120730,5.87,6.1,5.83,5.91,5.87,0.04,0.68,42578.34,25399.538
600290.SH,20120731,5.8,5.86,5.59,5.63,5.91,-0.28,-4.74,38717.69,22018.566
600290.SH,20120801,5.58,5.77,5.57,5.69,5.63,0.06,1.07,25379.29,14435.934
600290.SH,20120802,5.68,5.69,5.47,5.48,5.69,-0.21,-3.69,33203.25,18415.707
600290.SH,20120803,5.5,5.64,5.45,5.64,5.48,0.16,2.92,34226.9,19018.318
600290.SH,20120806,5.61,5.82,5.52,5.77,5.64,0.13,2.31,44106.18,25198.424
600290.SH,20120807,5.79,6.05,5.77,5.98,5.77,0.21,3.64,70825.92,41822.079
600290.SH,20120808,5.93,6.02,5.81,5.86,5.98,-0.12,-2.01,54236.34,32050.644
600290.SH,20120809,5.89,5.94,5.79,5.93,5.86,0.07,1.19,41857.74,24608.622
600290.SH,20120810,5.94,6.03,5.89,5.99,5.93,0.06,1.01,42249.87,25160.767
600290.SH,20120813,5.97,5.97,5.73,5.74,5.99,-0.25,-4.17,35661.92,20825.47
600290.SH,20120814,5.76,5.85,5.61,5.84,5.74,0.1,1.74,30455.05,17463.307
600290.SH,20120815,5.93,6.1,5.82,5.88,5.84,0.04,0.68,82712.72,49463.3
600290.SH,20120816,5.8,5.86,5.68,5.71,5.88,-0.17,-2.89,53712.39,30807.08
600290.SH,20120817,5.76,5.76,5.64,5.71,5.71,0.0,0.0,38270.79,21790.878
600290.SH,20120820,5.67,5.68,5.53,5.64,5.71,-0.07,-1.23,45762.63,25596.935
600290.SH,20120821,5.77,5.77,5.67,5.73,5.64,0.09,1.6,37687.63,21551.983
600290.SH,20120822,5.8,5.84,5.71,5.75,5.73,0.02,0.35,53640.07,30994.307
600290.SH,20120823,5.7,5.91,5.66,5.89,5.75,0.14,2.43,72279.08,42124.467
600290.SH,20120824,5.82,5.88,5.69,5.69,5.89,-0.2,-3.4,42887.17,24720.472
600290.SH,20120827,5.69,5.7,5.54,5.55,5.69,-0.14,-2.46,30865.22,17301.956
600290.SH,20120828,5.52,5.7,5.52,5.65,5.55,0.1,1.8,22424.89,12594.716
600290.SH,20120829,5.62,5.67,5.55,5.57,5.65,-0.08,-1.42,31118.83,17418.067
600290.SH,20120830,5.57,5.62,5.41,5.56,5.57,-0.01,-0.18,29836.44,16511.609
600290.SH,20120831,5.53,5.6,5.52,5.55,5.56,-0.01,-0.18,17386.72,9650.057
600290.SH,20120903,5.53,5.64,5.5,5.63,5.55,0.08,1.44,19057.64,10684.325
600290.SH,20120904,5.62,5.68,5.56,5.64,5.63,0.01,0.18,31370.25,17619.052
600290.SH,20120905,5.64,5.75,5.55,5.68,5.64,0.04,0.71,33839.24,19144.979
600290.SH,20120906,5.7,5.76,5.69,5.75,5.68,0.07,1.23,34664.15,19875.388
600290.SH,20120907,5.83,6.05,5.74,5.93,5.75,0.18,3.13,125608.99,74192.708
600290.SH,20120910,5.94,5.97,5.85,5.94,5.93,0.01,0.17,72348.93,42851.764
600290.SH,20120911,5.93,6.04,5.86,5.95,5.94,0.01,0.17,76884.32,45781.829
600290.SH,20120912,5.95,6.09,5.91,5.99,5.95,0.04,0.67,54031.31,32346.57
600290.SH,20120913,5.98,6.12,5.9,5.91,5.99,-0.08,-1.34,74991.44,45136.988
600290.SH,20120914,5.97,6.01,5.83,5.91,5.91,0.0,0.0,47020.0,27762.08
600290.SH,20120917,5.91,5.91,5.59,5.61,5.91,-0.3,-5.08,52933.32,30429.887
600290.SH,20120918,5.6,5.66,5.56,5.6,5.61,-0.01,-0.18,32244.4,18057.248
600290.SH,20120919,5.63,5.72,5.57,5.71,5.6,0.11,1.96,34633.67,19647.12
600290.SH,20120920,5.69,5.69,5.46,5.48,5.71,-0.23,-4.03,33762.9,18714.941
600290.SH,20120921,5.48,5.55,5.45,5.46,5.48,-0.02,-0.37,18376.03,10095.329
600290.SH,20120924,5.45,5.48,5.33,5.46,5.46,0.0,0.0,23173.78,12524.706
600290.SH,20120925,5.48,5.48,5.35,5.39,5.46,-0.07,-1.28,22107.91,11948.298
600290.SH,20120926,5.39,5.42,5.21,5.23,5.39,-0.16,-2.97,21249.35,11267.064
600290.SH,20120927,5.24,5.4,5.24,5.34,5.23,0.11,2.1,24281.92,12931.263
600290.SH,20120928,5.29,5.46,5.27,5.43,5.34,0.09,1.69,24731.29,13352.453
600290.SH,20121008,5.43,5.5,5.35,5.38,5.43,-0.05,-0.92,23804.09,12885.574
600290.SH,20121009,5.38,5.55,5.35,5.54,5.38,0.16,2.97,32287.44,17768.73
600290.SH,20121010,5.54,5.62,5.47,5.61,5.54,0.07,1.26,41644.26,23211.286
600290.SH,20121011,5.6,5.6,5.48,5.5,5.61,-0.11,-1.96,32125.48,17773.164
600290.SH,20121012,5.51,5.59,5.45,5.5,5.5,0.0,0.0,26391.9,14557.055
600290.SH,20121016,5.36,5.46,5.28,5.43,5.5,-0.07,-1.27,43728.16,23492.986
600290.SH,20121017,5.42,5.44,5.33,5.42,5.43,-0.01,-0.18,26513.39,14282.767
600290.SH,20121018,5.4,5.63,5.4,5.54,5.42,0.12,2.21,45850.5,25398.084
600290.SH,20121019,5.54,5.58,5.49,5.56,5.54,0.02,0.36,33298.49,18431.686
600290.SH,20121022,5.54,5.57,5.48,5.56,5.56,0.0,0.0,25767.33,14243.782
600290.SH,20121023,5.56,5.58,5.44,5.47,5.56,-0.09,-1.62,32817.81,18082.937
600290.SH,20121024,5.42,5.53,5.41,5.45,5.47,-0.02,-0.37,28103.73,15374.38
600290.SH,20121025,5.48,6.0,5.48,5.65,5.45,0.2,3.67,147484.21,84455.964
600290.SH,20121026,5.61,5.63,5.38,5.41,5.65,-0.24,-4.25,59555.83,32617.606
600290.SH,20121029,5.4,5.45,5.21,5.27,5.41,-0.14,-2.59,41006.03,21839.47
600290.SH,20121030,5.28,5.4,5.27,5.32,5.27,0.05,0.95,25213.65,13431.83
600290.SH,20121031,5.34,5.35,5.25,5.29,5.32,-0.03,-0.56,20905.81,11061.232
600290.SH,20121101,5.39,5.55,5.37,5.47,5.29,0.18,3.4,58467.98,31748.115
600290.SH,20121102,5.67,5.84,5.56,5.57,5.47,0.1,1.83,93010.97,52651.17
600290.SH,20121105,5.47,5.57,5.47,5.54,5.57,-0.03,-0.54,45394.27,25043.555
600290.SH,20121106,5.5,5.59,5.38,5.49,5.54,-0.05,-0.9,38355.89,20960.181
600290.SH,20121107,5.5,5.54,5.42,5.53,5.49,0.04,0.73,32608.83,17902.003
600290.SH,20121108,5.45,5.5,5.36,5.39,5.53,-0.14,-2.53,39600.68,21487.514
600290.SH,20121109,5.38,5.48,5.35,5.42,5.39,0.03,0.56,26714.96,14440.53
600290.SH,20121112,5.39,5.58,5.39,5.58,5.42,0.16,2.95,48938.71,26958.366
600290.SH,20121113,5.55,5.56,5.39,5.41,5.58,-0.17,-3.05,33366.03,18215.826
600290.SH,20121114,5.4,5.44,5.33,5.42,5.41,0.01,0.18,24610.05,13248.535
600290.SH,20121115,5.4,5.42,5.2,5.21,5.42,-0.21,-3.87,30409.16,16106.891
600290.SH,20121116,5.19,5.23,5.09,5.14,5.21,-0.07,-1.34,24473.19,12566.045
600290.SH,20121119,5.13,5.18,5.1,5.17,5.14,0.03,0.58,17071.01,8789.183
600290.SH,20121120,5.2,5.24,5.11,5.16,5.17,-0.01,-0.19,13637.6,7053.916
600290.SH,20121121,5.15,5.26,5.12,5.22,5.16,0.06,1.16,18389.88,9526.885
600290.SH,20121122,5.17,5.26,5.15,5.23,5.22,0.01,0.19,21729.42,11294.684
600290.SH,20121123,5.22,5.26,5.18,5.19,5.23,-0.04,-0.76,19980.64,10420.933
600290.SH,20121126,5.25,5.25,5.05,5.07,5.19,-0.12,-2.31,26909.6,13740.924
600290.SH,20121127,5.05,5.06,4.77,4.79,5.07,-0.28,-5.52,36049.72,17611.215
600290.SH,20121128,4.79,4.79,4.6,4.62,4.79,-0.17,-3.55,26412.87,12327.861
600290.SH,20121129,4.68,4.68,4.45,4.49,4.62,-0.13,-2.81,27602.09,12622.803
600290.SH,20121130,4.49,4.56,4.42,4.52,4.49,0.03,0.67,29906.99,13476.919
600290.SH,20121203,4.52,4.56,4.34,4.37,4.52,-0.15,-3.32,23912.59,10611.207
600290.SH,20121204,4.42,4.47,4.35,4.46,4.37,0.09,2.06,21969.49,9689.203
600290.SH,20121205,4.44,4.67,4.41,4.63,4.46,0.17,3.81,46081.18,21155.35
600290.SH,20121206,4.63,4.65,4.55,4.58,4.63,-0.05,-1.08,26655.3,12263.151
600290.SH,20121207,4.59,4.7,4.53,4.69,4.58,0.11,2.4,40259.97,18745.431
600290.SH,20121210,4.7,4.82,4.68,4.8,4.69,0.11,2.35,45468.11,21652.34
600290.SH,20121211,4.79,4.79,4.71,4.73,4.8,-0.07,-1.46,30499.15,14495.315
600290.SH,20121212,4.74,4.77,4.66,4.71,4.73,-0.02,-0.42,32283.49,15194.299
600290.SH,20121213,4.73,4.74,4.63,4.64,4.71,-0.07,-1.49,27400.2,12851.912
600290.SH,20121214,4.61,4.91,4.61,4.86,4.64,0.22,4.74,64050.86,30771.495
600290.SH,20121217,4.86,4.95,4.86,4.91,4.86,0.05,1.03,55245.59,27074.382
600290.SH,20121218,4.93,4.96,4.83,4.88,4.91,-0.03,-0.61,45138.03,22083.251
600290.SH,20121219,4.98,5.07,4.92,4.97,4.88,0.09,1.84,57131.69,28446.912
600290.SH,20121220,4.93,4.94,4.83,4.91,4.97,-0.06,-1.21,36323.28,17766.982
600290.SH,20121221,4.96,5.06,4.88,4.94,4.91,0.03,0.61,51958.59,25770.41
600290.SH,20121224,4.94,4.98,4.9,4.95,4.94,0.01,0.2,28602.49,14138.921
600290.SH,20121225,4.94,5.07,4.91,5.05,4.95,0.1,2.02,50885.0,25533.853
600290.SH,20121226,5.04,5.1,5.01,5.1,5.05,0.05,0.99,51619.25,26160.475
600290.SH,20121227,5.11,5.13,5.01,5.02,5.1,-0.08,-1.57,42989.88,21774.966
600290.SH,20121228,5.04,5.09,5.0,5.08,5.02,0.06,1.2,35698.52,17983.828
600290.SH,20121231,5.1,5.13,5.06,5.09,5.08,0.01,0.2,45154.44,22982.134
600290.SH,20130104,5.12,5.2,5.04,5.05,5.09,-0.04,-0.79,56927.96,29104.194
600290.SH,20130107,5.01,5.14,5.01,5.13,5.05,0.08,1.58,49253.03,25036.171
600290.SH,20130108,5.13,5.25,5.05,5.24,5.13,0.11,2.14,84115.06,43525.393
600290.SH,20130109,5.18,5.3,5.15,5.24,5.24,0.0,0.0,69319.93,36162.673
600290.SH,20130110,5.22,5.51,5.2,5.36,5.24,0.12,2.29,184990.55,99433.644
600290.SH,20130111,5.33,5.4,5.16,5.17,5.36,-0.19,-3.54,105783.91,56042.378
600290.SH,20130114,5.15,5.33,5.11,5.31,5.17,0.14,2.71,78253.85,40973.269
600290.SH,20130115,5.31,5.48,5.27,5.41,5.31,0.1,1.88,101968.66,55114.178
600290.SH,20130116,5.43,5.49,5.24,5.36,5.41,-0.05,-0.92,99000.72,53038.405
600290.SH,20130117,5.33,5.36,5.23,5.26,5.36,-0.1,-1.87,55040.09,29111.002
600290.SH,20130118,5.26,5.44,5.26,5.41,5.26,0.15,2.85,68942.23,36891.064
600290.SH,20130121,5.4,5.46,5.36,5.46,5.41,0.05,0.92,61752.47,33431.777
600290.SH,20130122,5.46,5.46,5.26,5.3,5.46,-0.16,-2.93,66241.28,35536.442
600290.SH,20130123,5.29,5.31,5.16,5.26,5.3,-0.04,-0.75,54413.87,28518.873
600290.SH,20130124,5.29,5.39,5.05,5.14,5.26,-0.12,-2.28,70064.86,36677.295
600290.SH,20130125,5.09,5.26,5.08,5.2,5.14,0.06,1.17,50366.84,26098.942
600290.SH,20130128,5.2,5.31,5.16,5.3,5.2,0.1,1.92,52844.2,27763.142
600290.SH,20130129,5.29,5.38,5.26,5.36,5.3,0.06,1.13,53114.51,28302.854
600290.SH,20130130,5.36,5.4,5.29,5.39,5.36,0.03,0.56,63670.96,34102.696
600290.SH,20130131,5.39,5.41,5.31,5.35,5.39,-0.04,-0.74,38108.11,20346.777
600290.SH,20130201,5.34,5.43,5.31,5.41,5.35,0.06,1.12,59990.69,32271.004
600290.SH,20130204,5.44,5.45,5.25,5.27,5.41,-0.14,-2.59,67138.28,35898.73
600290.SH,20130205,5.23,5.6,5.21,5.54,5.27,0.27,5.12,131095.12,71471.567
600290.SH,20130206,5.54,5.54,5.39,5.43,5.54,-0.11,-1.99,81131.1,44199.518
600290.SH,20130207,5.42,5.47,5.38,5.42,5.43,-0.01,-0.18,43710.54,23747.136
600290.SH,20130208,5.42,5.52,5.39,5.47,5.42,0.05,0.92,53163.19,29095.486
600290.SH,20130218,5.48,5.54,5.46,5.54,5.47,0.07,1.28,61071.73,33606.793
600290.SH,20130219,5.53,5.53,5.38,5.41,5.54,-0.13,-2.35,53683.5,29186.603
600290.SH,20130220,5.4,5.57,5.4,5.56,5.41,0.15,2.77,85662.26,47185.897
600290.SH,20130221,5.52,5.52,5.38,5.46,5.56,-0.1,-1.8,72818.02,39679.131
600290.SH,20130222,5.46,5.54,5.38,5.45,5.46,-0.01,-0.18,71276.57,38997.54
600290.SH,20130225,5.45,5.52,5.4,5.48,5.45,0.03,0.55,56860.68,31022.088
600290.SH,20130226,5.44,5.8,5.38,5.51,5.48,0.03,0.55,218922.72,123591.585
600290.SH,20130227,5.48,5.55,5.39,5.41,5.51,-0.1,-1.81,104929.45,57327.028
600290.SH,20130228,5.43,5.68,5.4,5.64,5.41,0.23,4.25,163336.19,91308.965
600290.SH,20130301,5.61,5.96,5.57,5.83,5.64,0.19,3.37,204035.23,117612.204
600290.SH,20130304,5.77,6.06,5.72,5.81,5.83,-0.02,-0.34,276964.44,163823.067
600290.SH,20130305,5.77,5.98,5.65,5.94,5.81,0.13,2.24,154144.08,90048.311
600290.SH,20130306,5.94,6.24,5.94,6.08,5.94,0.14,2.36,165378.13,100895.787
600290.SH,20130307,6.09,6.13,5.84,5.89,6.08,-0.19,-3.13,117240.54,70037.158
600290.SH,20130308,5.89,5.95,5.75,5.87,5.89,-0.02,-0.34,59646.61,34873.586
600290.SH,20130311,5.85,5.91,5.75,5.91,5.87,0.04,0.68,56281.99,32798.983
600290.SH,20130312,5.91,5.93,5.58,5.67,5.91,-0.24,-4.06,75527.77,43245.391
600290.SH,20130313,5.63,5.68,5.47,5.48,5.67,-0.19,-3.35,76021.01,42154.432
600290.SH,20130314,5.49,5.57,5.43,5.49,5.48,0.01,0.18,51635.91,28398.456
600290.SH,20130315,5.47,5.6,5.38,5.53,5.49,0.04,0.73,61404.0,33896.89
600290.SH,20130318,5.52,5.6,5.46,5.5,5.53,-0.03,-0.54,38120.4,21037.149
600290.SH,20130319,5.54,5.55,5.3,5.37,5.5,-0.13,-2.36,58973.5,31753.386
600290.SH,20130320,5.37,5.55,5.35,5.54,5.37,0.17,3.17,56463.45,30865.555
600290.SH,20130321,5.54,5.61,5.49,5.57,5.54,0.03,0.54,54641.03,30374.861
600290.SH,20130322,5.56,5.62,5.48,5.56,5.57,-0.01,-0.18,44024.3,24448.032
600290.SH,20130325,5.55,5.59,5.46,5.47,5.56,-0.09,-1.62,47752.49,26264.727
600290.SH,20130326,5.47,5.48,5.32,5.33,5.47,-0.14,-2.56,60807.15,32686.389
600290.SH,20130327,5.35,5.45,5.31,5.38,5.33,0.05,0.94,38722.02,20826.602
600290.SH,20130328,5.31,5.31,5.07,5.11,5.38,-0.27,-5.02,69447.42,35776.115
600290.SH,20130329,5.1,5.2,5.1,5.15,5.11,0.04,0.78,41919.21,21569.089
600290.SH,20130401,5.16,5.21,5.11,5.13,5.15,-0.02,-0.39,29367.31,15107.818
600290.SH,20130402,5.15,5.18,5.02,5.03,5.13,-0.1,-1.95,38050.12,19425.09
600290.SH,20130403,5.05,5.1,5.01,5.05,5.03,0.02,0.4,31728.63,16034.03
600290.SH,20130408,5.0,5.0,4.86,4.99,5.05,-0.06,-1.19,29001.29,14283.001
600290.SH,20130409,5.0,5.1,4.99,5.1,4.99,0.11,2.2,25574.91,12929.546
600290.SH,20130410,5.09,5.14,5.04,5.11,5.1,0.01,0.2,21898.74,11156.038
600290.SH,20130411,5.12,5.16,5.06,5.09,5.11,-0.02,-0.39,14798.59,7567.698
600290.SH,20130412,5.11,5.16,5.03,5.05,5.09,-0.04,-0.79,19957.6,10196.166
600290.SH,20130415,5.02,5.04,4.84,4.86,5.05,-0.19,-3.76,31062.01,15241.059
600290.SH,20130416,4.84,4.92,4.76,4.91,4.86,0.05,1.03,22391.76,10802.915
600290.SH,20130417,4.9,4.92,4.85,4.92,4.91,0.01,0.2,14252.43,6972.451
600290.SH,20130418,4.88,4.96,4.83,4.94,4.92,0.02,0.41,25480.47,12491.947
600290.SH,20130419,4.94,5.08,4.92,5.04,4.94,0.1,2.02,29748.94,14916.191
600290.SH,20130422,5.0,5.06,4.97,5.05,5.04,0.01,0.2,26749.18,13421.841
600290.SH,20130423,5.0,5.02,4.8,4.83,5.05,-0.22,-4.36,32322.6,15867.157
600290.SH,20130424,4.82,4.92,4.81,4.9,4.83,0.07,1.45,17033.98,8302.834
600290.SH,20130425,4.89,4.9,4.8,4.8,4.9,-0.1,-2.04,26114.4,12639.292
600290.SH,20130426,4.8,4.84,4.65,4.68,4.8,-0.12,-2.5,29506.39,13966.225
600290.SH,20130502,4.67,4.7,4.58,4.63,4.68,-0.05,-1.07,28848.74,13359.293
600290.SH,20130503,4.63,4.74,4.63,4.71,4.63,0.08,1.73,23132.55,10879.2
600290.SH,20130506,4.71,4.79,4.71,4.78,4.71,0.07,1.49,21558.95,10277.68
600290.SH,20130507,4.78,4.82,4.73,4.81,4.78,0.03,0.63,24961.39,11915.561
600290.SH,20130508,4.79,4.85,4.76,4.81,4.81,0.0,0.0,26016.2,12500.678
600290.SH,20130509,4.81,4.81,4.71,4.78,4.81,-0.03,-0.62,27521.72,13094.539
600290.SH,20130510,4.81,5.17,4.81,5.02,4.78,0.24,5.02,109968.95,55175.823
600290.SH,20130513,4.98,5.02,4.92,4.98,5.02,-0.04,-0.8,46781.91,23185.633
600290.SH,20130514,4.96,4.99,4.86,4.93,4.98,-0.05,-1.0,36417.0,17862.312
600290.SH,20130515,4.94,5.03,4.91,5.03,4.93,0.1,2.03,34824.41,17348.142
600290.SH,20130516,5.01,5.12,4.95,5.1,5.03,0.07,1.39,50941.52,25809.168
600290.SH,20130517,5.1,5.14,5.07,5.11,5.1,0.01,0.2,53341.6,27257.99
600290.SH,20130520,5.12,5.28,5.07,5.22,5.11,0.11,2.15,73850.19,38146.331
600290.SH,20130521,5.19,5.28,5.12,5.25,5.22,0.03,0.57,66189.18,34458.758
600290.SH,20130522,5.25,5.25,5.15,5.18,5.25,-0.07,-1.33,48285.5,25111.605
600290.SH,20130523,5.14,5.22,5.11,5.11,5.18,-0.07,-1.35,53600.59,27610.036
600290.SH,20130524,5.11,5.17,5.08,5.16,5.11,0.05,0.98,39540.98,20281.248
600290.SH,20130527,5.12,5.27,5.12,5.24,5.16,0.08,1.55,54883.57,28615.692
600290.SH,20130528,5.24,5.25,5.15,5.24,5.24,0.0,0.0,47993.42,24973.943
600290.SH,20130529,5.22,5.31,5.21,5.27,5.24,0.03,0.57,52022.33,27419.119
600290.SH,20130530,5.25,5.26,5.15,5.19,5.27,-0.08,-1.52,63185.87,32782.457
600290.SH,20130531,5.18,5.2,5.12,5.12,5.19,-0.07,-1.35,43767.15,22605.184
600290.SH,20130603,5.11,5.3,5.11,5.28,5.12,0.16,3.13,90134.17,47041.07
600290.SH,20130604,5.25,5.28,5.09,5.18,5.28,-0.1,-1.89,54487.36,28172.179
600290.SH,20130605,5.17,5.23,5.01,5.05,5.18,-0.13,-2.51,62448.46,31911.944
600290.SH,20130606,5.01,5.06,4.88,4.92,5.05,-0.13,-2.57,44055.7,21782.578
600290.SH,20130607,4.92,4.95,4.78,4.81,4.92,-0.11,-2.24,37186.18,18032.641
600290.SH,20130613,4.78,4.78,4.56,4.67,4.81,-0.14,-2.91,28093.45,13098.446
600290.SH,20130614,4.68,4.72,4.65,4.67,4.67,0.0,0.0,23374.49,10951.895
600290.SH,20130617,4.69,4.72,4.63,4.72,4.67,0.05,1.07,27870.58,13046.365
600290.SH,20130618,4.72,4.76,4.68,4.73,4.72,0.01,0.21,20007.04,9440.831
600290.SH,20130619,4.73,4.73,4.59,4.66,4.73,-0.07,-1.48,20653.91,9569.141
600290.SH,20130620,4.64,4.65,4.5,4.51,4.66,-0.15,-3.22,24401.19,11164.582
600290.SH,20130621,4.45,4.5,4.4,4.42,4.51,-0.09,-2.0,26892.27,11963.183
600290.SH,20130624,4.42,4.43,4.02,4.07,4.4,-0.33,-7.5,28238.48,11880.378
600290.SH,20130625,4.05,4.11,3.73,4.03,4.07,-0.04,-0.98,41275.54,16283.271
600290.SH,20130626,4.02,4.12,3.96,4.08,4.03,0.05,1.24,30025.25,12134.158
600290.SH,20130627,4.08,4.15,3.99,4.0,4.08,-0.08,-1.96,25602.1,10414.009
600290.SH,20130628,4.02,4.06,3.93,3.98,4.0,-0.02,-0.5,24077.69,9621.334
600290.SH,20130701,4.0,4.02,3.92,4.01,3.98,0.03,0.75,29346.49,11645.754
600290.SH,20130702,4.02,4.02,3.96,4.02,4.01,0.01,0.25,26962.94,10761.592
600290.SH,20130703,4.01,4.01,3.9,3.98,4.02,-0.04,-1.0,19261.67,7603.192
600290.SH,20130704,3.96,4.05,3.91,4.03,3.98,0.05,1.26,41443.45,16572.995
600290.SH,20130705,4.03,4.12,3.99,4.08,4.03,0.05,1.24,43649.76,17722.446
600290.SH,20130708,4.0,4.01,3.86,3.87,4.08,-0.21,-5.15,31541.05,12367.317
600290.SH,20130709,3.88,3.92,3.83,3.87,3.87,0.0,0.0,16190.69,6272.95
600290.SH,20130710,3.88,4.04,3.86,4.03,3.87,0.16,4.13,33855.1,13432.813
600290.SH,20130711,4.03,4.18,4.03,4.14,4.03,0.11,2.73,49361.76,20301.309
600290.SH,20130712,4.11,4.15,4.04,4.04,4.14,-0.1,-2.42,36071.93,14769.728
600290.SH,20130715,4.06,4.14,4.03,4.09,4.04,0.05,1.24,37898.01,15473.358
600290.SH,20130716,4.09,4.19,4.06,4.18,4.09,0.09,2.2,52164.3,21579.246
600290.SH,20130717,4.18,4.2,4.05,4.06,4.18,-0.12,-2.87,37374.21,15397.721
600290.SH,20130718,4.06,4.09,4.0,4.07,4.06,0.01,0.25,26587.45,10757.326
600290.SH,20130719,4.07,4.09,3.9,3.9,4.07,-0.17,-4.18,28097.56,11275.359
600290.SH,20130722,3.91,4.0,3.9,3.96,3.9,0.06,1.54,19779.51,7833.71
600290.SH,20130723,3.97,4.12,3.97,4.11,3.96,0.15,3.79,33113.19,13492.696
600290.SH,20130724,4.06,4.1,4.01,4.06,4.11,-0.05,-1.22,37675.5,15232.409
600290.SH,20130725,4.08,4.16,4.05,4.09,4.06,0.03,0.74,40897.45,16777.447
600290.SH,20130726,4.08,4.1,4.01,4.04,4.09,-0.05,-1.22,24143.49,9793.663
600290.SH,20130729,4.04,4.08,3.97,4.03,4.04,-0.01,-0.25,29326.77,11840.122
600290.SH,20130730,4.02,4.08,4.0,4.07,4.03,0.04,0.99,19155.0,7756.681
600290.SH,20130731,4.08,4.14,4.05,4.07,4.07,0.0,0.0,21783.01,8897.615
600290.SH,20130801,4.1,4.16,4.06,4.14,4.07,0.07,1.72,37201.67,15371.336
600290.SH,20130802,4.15,4.36,4.14,4.34,4.14,0.2,4.83,86937.37,37302.347
600290.SH,20130805,4.34,4.42,4.28,4.38,4.34,0.04,0.92,46006.72,20063.624
600290.SH,20130806,4.37,4.73,4.32,4.4,4.38,0.02,0.46,124410.64,56435.844
600290.SH,20130807,4.47,4.84,4.46,4.79,4.4,0.39,8.86,279021.18,133059.543
600290.SH,20130808,4.61,4.92,4.61,4.74,4.79,-0.05,-1.04,146811.71,70086.353
600290.SH,20130809,4.79,4.79,4.6,4.74,4.74,0.0,0.0,113346.02,53211.92
600290.SH,20130812,4.73,5.2,4.7,5.17,4.74,0.43,9.07,190744.62,96667.938
600290.SH,20130813,5.1,5.35,5.07,5.3,5.17,0.13,2.51,112820.33,59231.359
600290.SH,20130814,5.32,5.32,5.13,5.22,5.3,-0.08,-1.51,77201.96,40233.682
600290.SH,20130815,5.19,5.43,5.12,5.13,5.22,-0.09,-1.72,74204.8,39081.572
600290.SH,20130816,5.09,5.19,4.96,4.97,5.13,-0.16,-3.12,98992.52,49818.67
600290.SH,20130819,4.97,5.05,4.97,5.03,4.97,0.06,1.21,36033.39,18062.673
600290.SH,20130820,5.03,5.04,4.9,5.0,5.03,-0.03,-0.6,40931.83,20342.851
600290.SH,20130821,5.01,5.08,4.96,5.07,5.0,0.07,1.4,62124.12,31187.788
600290.SH,20130822,5.1,5.11,4.99,5.1,5.07,0.03,0.59,41890.05,21206.492
600290.SH,20130823,5.11,5.14,4.83,4.86,5.1,-0.24,-4.71,66827.4,33294.999
600290.SH,20130826,4.86,5.1,4.86,5.09,4.86,0.23,4.73,54316.18,27432.627
600290.SH,20130827,5.04,5.13,5.04,5.1,5.09,0.01,0.2,45847.09,23295.551
600290.SH,20130828,5.09,5.28,5.05,5.23,5.1,0.13,2.55,71299.26,37071.169
600290.SH,20130829,5.23,5.3,5.14,5.18,5.23,-0.05,-0.96,51167.01,26669.364
600290.SH,20130830,5.23,5.27,5.1,5.18,5.18,0.0,0.0,40910.88,21226.341
600290.SH,20130902,5.16,5.48,5.14,5.47,5.18,0.29,5.6,130595.39,70012.244
600290.SH,20130903,5.45,5.53,5.37,5.48,5.47,0.01,0.18,63031.61,34427.178
600290.SH,20130904,5.45,5.64,5.36,5.48,5.48,0.0,0.0,50545.13,27746.623
600290.SH,20130905,5.4,5.55,5.36,5.47,5.48,-0.01,-0.18,38325.71,20946.216
600290.SH,20130906,5.46,5.55,5.41,5.45,5.47,-0.02,-0.37,29447.51,16075.261
600290.SH,20130909,5.42,5.63,5.32,5.51,5.45,0.06,1.1,73405.35,39932.052
600290.SH,20130910,5.46,5.58,5.42,5.52,5.51,0.01,0.18,43492.94,23906.289
600290.SH,20130911,5.48,5.5,5.3,5.32,5.52,-0.2,-3.62,69832.35,37783.682
600290.SH,20130912,5.26,5.39,5.23,5.31,5.32,-0.01,-0.19,75040.59,39959.662
600290.SH,20130913,5.33,5.37,5.25,5.3,5.31,-0.01,-0.19,42541.2,22587.724
600290.SH,20130916,5.2,5.44,5.2,5.29,5.3,-0.01,-0.19,134999.14,71900.685
600290.SH,20130917,5.28,5.4,5.22,5.32,5.29,0.03,0.57,56785.23,30223.672
600290.SH,20130918,5.35,5.47,5.32,5.47,5.32,0.15,2.82,58818.7,31870.679
600290.SH,20130923,5.45,6.02,5.45,6.02,5.47,0.55,10.05,278840.35,165499.776
600290.SH,20130924,6.02,6.29,5.8,6.16,6.02,0.14,2.33,270606.38,162233.445
600290.SH,20130925,6.07,6.28,5.96,5.98,6.16,-0.18,-2.92,95008.75,57780.22
600290.SH,20130926,5.98,6.22,5.96,5.97,5.98,-0.01,-0.17,73215.89,44240.12
600290.SH,20130927,5.97,6.1,5.83,5.86,5.97,-0.11,-1.84,52984.91,31440.795
600290.SH,20130930,5.86,6.02,5.86,5.96,5.86,0.1,1.71,37068.4,22063.544
600290.SH,20131008,5.98,6.15,5.91,6.06,5.96,0.1,1.68,52342.99,31764.073
600290.SH,20131009,6.05,6.35,6.02,6.2,6.06,0.14,2.31,85091.24,52546.248
600290.SH,20131010,6.18,6.38,6.11,6.26,6.2,0.06,0.97,78136.83,48922.247
600290.SH,20131011,6.26,6.49,6.17,6.4,6.26,0.14,2.24,118322.48,75273.923
600290.SH,20131014,6.24,6.33,6.13,6.19,6.4,-0.21,-3.28,101185.8,62964.524
600290.SH,20131015,6.18,6.25,6.04,6.05,6.19,-0.14,-2.26,71298.86,43774.564
600290.SH,20131016,6.04,6.15,5.99,5.99,6.05,-0.06,-0.99,64622.84,39161.021
600290.SH,20131017,6.05,6.24,5.99,6.09,5.99,0.1,1.67,43735.73,26628.536
600290.SH,20131018,6.07,6.15,6.01,6.09,6.09,0.0,0.0,32562.28,19805.708
600290.SH,20131021,6.04,6.24,6.04,6.2,6.09,0.11,1.81,42031.87,25984.892
600290.SH,20131022,6.2,6.24,6.07,6.08,6.2,-0.12,-1.94,41598.28,25462.308
600290.SH,20131023,6.03,6.13,5.86,5.95,6.08,-0.13,-2.14,81654.86,48639.155
600290.SH,20131024,5.94,6.06,5.9,6.04,5.95,0.09,1.51,27289.4,16365.45
600290.SH,20131025,6.03,6.05,5.97,5.99,6.04,-0.05,-0.83,54289.85,32567.32
600290.SH,20131028,6.0,6.18,5.99,6.17,5.99,0.18,3.01,47513.52,28877.25
600290.SH,20131029,6.17,6.54,6.1,6.34,6.17,0.17,2.76,114495.25,72190.701
600290.SH,20131030,6.37,6.49,6.2,6.31,6.34,-0.03,-0.47,58236.66,36856.391
600290.SH,20131031,6.3,6.43,6.21,6.3,6.31,-0.01,-0.16,62109.99,39204.829
600290.SH,20131101,6.29,6.33,6.16,6.32,6.3,0.02,0.32,33445.48,20956.097
600290.SH,20131104,6.31,6.43,6.06,6.08,6.32,-0.24,-3.8,53844.62,33369.263
600290.SH,20131105,6.04,6.11,5.93,6.07,6.08,-0.01,-0.16,47944.15,28970.435
600290.SH,20131106,6.06,6.12,6.03,6.12,6.07,0.05,0.82,29118.96,17736.284
600290.SH,20131107,6.12,6.13,6.04,6.08,6.12,-0.04,-0.65,21618.5,13174.425
600290.SH,20131108,6.15,6.15,6.0,6.12,6.08,0.04,0.66,27172.25,16522.921
600290.SH,20131111,6.12,6.16,6.03,6.16,6.12,0.04,0.65,21495.22,13148.051
600290.SH,20131112,6.18,6.21,6.12,6.18,6.16,0.02,0.32,33628.06,20706.499
600290.SH,20131113,6.2,6.29,6.08,6.27,6.18,0.09,1.46,21079.43,13002.399
600290.SH,20131114,6.24,6.55,6.2,6.54,6.27,0.27,4.3062,84706.49,54560.298
600290.SH,20131115,6.59,6.73,6.45,6.52,6.54,-0.02,-0.31,85008.54,55749.493
600290.SH,20131118,6.53,6.66,6.49,6.58,6.52,0.06,0.92,61216.44,40328.585
600290.SH,20131119,6.58,7.05,6.56,6.99,6.58,0.41,6.23,93532.79,64191.218
600290.SH,20131120,6.99,7.3,6.93,7.29,6.99,0.3,4.29,129722.46,93134.0
600290.SH,20131121,7.35,7.49,7.2,7.33,7.29,0.04,0.55,73766.79,54094.102
600290.SH,20131122,7.34,7.99,7.33,7.46,7.33,0.13,1.77,165674.78,126568.91
600290.SH,20131125,7.46,7.59,7.3,7.51,7.46,0.05,0.67,70088.77,52152.423
600290.SH,20131126,7.49,7.51,7.2,7.34,7.51,-0.17,-2.26,55027.99,40366.358
600290.SH,20131127,7.39,7.55,7.32,7.46,7.34,0.12,1.63,47638.58,35458.53
600290.SH,20131128,7.56,7.85,7.45,7.56,7.46,0.1,1.34,64281.94,49180.529
600290.SH,20131129,7.58,7.72,7.5,7.66,7.56,0.1,1.32,43670.95,33357.54
600290.SH,20131202,7.41,7.85,7.32,7.49,7.66,-0.17,-2.22,75025.82,56999.753
600290.SH,20131203,7.49,7.6,7.15,7.51,7.49,0.02,0.27,43382.01,31963.131
600290.SH,20131204,7.45,7.73,7.42,7.68,7.51,0.17,2.26,38655.11,29421.922
600290.SH,20131205,7.78,7.89,7.61,7.82,7.68,0.14,1.82,63492.72,49473.796
600290.SH,20131206,7.77,7.93,7.38,7.68,7.82,-0.14,-1.79,62783.8,47859.637
600290.SH,20131209,7.43,7.65,7.41,7.51,7.68,-0.17,-2.21,50297.25,37749.438
600290.SH,20131210,7.51,7.63,7.49,7.61,7.51,0.1,1.33,48365.73,36576.797
600290.SH,20131211,7.62,7.73,7.53,7.66,7.61,0.05,0.66,41885.06,31883.119
600290.SH,20131212,7.67,7.87,7.67,7.74,7.66,0.08,1.04,53798.15,41695.959
600290.SH,20131213,7.76,7.8,7.64,7.75,7.74,0.01,0.13,40221.92,31048.3
600290.SH,20131216,7.77,8.15,7.71,8.11,7.75,0.36,4.65,82311.56,64898.882
600290.SH,20131217,8.13,8.75,7.6,8.31,8.11,0.2,2.47,186575.74,154670.062
600290.SH,20131218,8.2,8.23,7.78,7.92,8.31,-0.39,-4.69,87310.46,69391.676
600290.SH,20131219,7.93,8.0,7.42,7.52,7.92,-0.4,-5.05,94196.3,71865.737
600290.SH,20131220,7.46,7.68,7.0,7.62,7.52,0.1,1.33,151217.07,110306.349
600290.SH,20131223,7.48,7.69,7.2,7.59,7.62,-0.03,-0.39,81463.52,60848.338
600290.SH,20131224,7.6,7.6,7.31,7.47,7.59,-0.12,-1.58,61914.13,45985.826
600290.SH,20131225,7.47,7.55,7.33,7.5,7.47,0.03,0.4,28659.06,21367.305
600290.SH,20131226,7.53,7.6,7.37,7.57,7.5,0.07,0.93,31090.9,23147.433
600290.SH,20131227,7.58,7.79,7.5,7.77,7.57,0.2,2.64,76531.2,58696.157
600290.SH,20131230,7.8,7.95,7.66,7.73,7.77,-0.04,-0.51,34763.48,26991.55
600290.SH,20131231,7.7,7.8,7.57,7.73,7.73,0.0,0.0,38357.77,29417.746
600290.SH,20140102,7.73,7.8,7.62,7.78,7.73,0.05,0.65,24064.31,18585.419
600290.SH,20140103,7.77,7.77,7.65,7.74,7.78,-0.04,-0.51,24924.94,19209.758
600290.SH,20140106,7.75,7.75,7.16,7.39,7.74,-0.35,-4.52,59851.43,44572.695
600290.SH,20140107,7.4,7.6,7.32,7.48,7.39,0.09,1.22,56361.33,42137.19
600290.SH,20140108,7.5,7.5,7.25,7.37,7.48,-0.11,-1.47,43532.16,31971.86
600290.SH,20140109,7.35,7.45,7.12,7.34,7.37,-0.03,-0.41,68887.41,50163.686
600290.SH,20140110,7.38,7.6,7.28,7.29,7.34,-0.05,-0.68,39560.64,29284.541
600290.SH,20140113,7.29,7.36,7.23,7.29,7.29,0.0,0.0,38633.57,28169.539
600290.SH,20140114,7.31,7.43,7.23,7.37,7.29,0.08,1.1,35379.44,26003.451
600290.SH,20140115,7.41,7.52,7.31,7.5,7.37,0.13,1.76,35340.42,26341.275
600290.SH,20140116,7.55,7.73,7.53,7.63,7.5,0.13,1.73,51198.46,39036.728
600290.SH,20140117,7.61,7.69,7.55,7.65,7.63,0.02,0.26,40876.31,31174.344
600290.SH,20140120,7.65,7.75,7.5,7.55,7.65,-0.1,-1.31,35070.94,26677.667
600290.SH,20140121,7.56,7.96,7.53,7.95,7.55,0.4,5.3,68529.25,53219.646
600290.SH,20140122,7.98,8.18,7.86,7.94,7.95,-0.01,-0.13,82445.58,65714.44
600290.SH,20140123,7.96,7.98,7.85,7.93,7.94,-0.01,-0.13,48117.17,38118.51
600290.SH,20140124,8.03,8.2,8.0,8.12,7.93,0.19,2.4,91976.29,74565.044
600290.SH,20140127,8.08,8.08,7.75,7.9,8.12,-0.22,-2.71,55563.48,43861.859
600290.SH,20140128,7.95,7.97,7.55,7.68,7.9,-0.22,-2.78,52559.27,40331.939
600290.SH,20140129,7.65,7.69,7.55,7.66,7.68,-0.02,-0.26,34032.16,25895.562
600290.SH,20140130,7.78,7.78,7.58,7.66,7.66,0.0,0.0,16728.5,12800.71
600290.SH,20140207,7.66,7.66,7.5,7.62,7.66,-0.04,-0.52,19380.94,14698.854
600290.SH,20140210,7.65,8.12,7.6,7.95,7.62,0.33,4.33,112445.98,88614.467
600290.SH,20140211,7.98,8.1,7.84,8.05,7.95,0.1,1.26,74537.33,59528.397
600290.SH,20140212,8.08,8.08,7.85,7.94,8.05,-0.11,-1.37,54645.81,43285.367
600290.SH,20140213,7.93,8.07,7.83,7.93,7.94,-0.01,-0.13,55964.57,44599.534
600290.SH,20140214,7.86,8.19,7.86,8.12,7.93,0.19,2.4,131376.59,105772.328
600290.SH,20140217,8.23,8.51,8.09,8.5,8.12,0.38,4.68,140676.04,116471.152
600290.SH,20140218,8.5,8.91,8.42,8.76,8.5,0.26,3.06,160176.22,139993.496
600290.SH,20140219,8.75,8.88,8.41,8.79,8.76,0.03,0.34,141045.11,121788.151
600290.SH,20140220,8.8,8.95,8.58,8.62,8.79,-0.17,-1.93,93253.71,81367.269
600290.SH,20140221,8.65,8.88,8.52,8.72,8.62,0.1,1.16,93662.57,81774.319
600290.SH,20140224,8.65,8.85,8.52,8.82,8.72,0.1,1.15,76060.32,66188.284
600290.SH,20140225,9.01,9.67,8.97,9.02,8.82,0.2,2.27,184657.32,171382.661
600290.SH,20140226,8.94,9.59,8.82,9.48,9.02,0.46,5.1,163420.11,152440.569
600290.SH,20140227,9.56,10.2,9.56,9.68,9.48,0.2,2.11,212700.72,209619.688
600290.SH,20140228,9.65,9.77,9.21,9.63,9.68,-0.05,-0.52,109075.64,103407.239
600290.SH,20140303,9.6,10.12,9.55,10.01,9.63,0.38,3.95,142373.37,141555.778
600290.SH,20140304,10.01,11.01,9.98,10.8,10.01,0.79,7.89,245720.9,257943.514
600290.SH,20140305,10.92,10.94,10.51,10.65,10.8,-0.15,-1.39,136334.37,145780.395
600290.SH,20140306,10.59,10.65,10.15,10.4,10.65,-0.25,-2.35,118477.79,122656.203
600290.SH,20140307,10.31,10.8,10.24,10.73,10.4,0.33,3.17,119824.36,126674.051
600290.SH,20140310,10.72,10.72,9.7,9.76,10.73,-0.97,-9.04,99655.05,100932.805
600290.SH,20140311,9.76,9.76,9.05,9.19,9.76,-0.57,-5.84,131944.35,123248.864
600290.SH,20140312,9.1,9.66,9.1,9.43,9.19,0.24,2.61,76487.51,71496.297
600290.SH,20140313,9.44,9.87,9.44,9.75,9.43,0.32,3.39,63261.8,61215.092
600290.SH,20140314,9.75,9.85,9.55,9.76,9.75,0.01,0.1,31822.42,30747.058
600290.SH,20140317,9.72,10.13,9.72,10.1,9.76,0.34,3.48,52732.29,52658.339
600290.SH,20140318,10.14,10.6,10.14,10.35,10.1,0.25,2.48,56202.55,58689.898
600290.SH,20140319,10.4,10.4,10.02,10.17,10.35,-0.18,-1.74,36577.21,37026.098
600290.SH,20140320,10.08,10.16,9.61,9.79,10.17,-0.38,-3.74,63648.44,62584.996
600290.SH,20140321,9.83,9.83,9.4,9.79,9.79,0.0,0.0,44941.78,43146.298
600290.SH,20140324,9.78,10.18,9.74,10.11,9.79,0.32,3.27,49458.26,49729.823
600290.SH,20140325,10.12,10.25,9.81,9.87,10.11,-0.24,-2.37,41993.04,41942.741
600290.SH,20140326,9.87,9.96,9.55,9.71,9.87,-0.16,-1.62,62817.54,61145.006
600290.SH,20140327,9.81,9.81,9.14,9.15,9.71,-0.56,-5.77,60828.94,57161.713
600290.SH,20140328,9.11,9.39,9.1,9.14,9.15,-0.01,-0.11,41394.29,38138.183
600290.SH,20140331,9.14,9.27,8.8,8.92,9.14,-0.22,-2.41,37946.16,34458.045
600290.SH,20140401,8.83,9.08,8.79,9.03,8.92,0.11,1.23,31871.96,28565.761
600290.SH,20140402,9.03,9.4,9.03,9.35,9.03,0.32,3.54,30899.81,28492.413
600290.SH,20140403,9.64,9.97,9.38,9.54,9.35,0.19,2.03,97849.07,94488.736
600290.SH,20140404,9.5,9.76,9.36,9.55,9.54,0.01,0.1,44865.87,42896.747
600290.SH,20140408,9.52,9.53,9.23,9.45,9.55,-0.1,-1.05,41447.93,38864.592
600290.SH,20140409,9.44,9.74,9.33,9.71,9.45,0.26,2.75,43618.5,41619.014
600290.SH,20140410,9.69,9.82,9.58,9.66,9.71,-0.05,-0.51,48750.22,47282.676
600290.SH,20140411,9.62,9.65,9.3,9.49,9.66,-0.17,-1.76,43946.93,41434.121
600290.SH,20140414,9.48,9.56,9.26,9.33,9.49,-0.16,-1.69,40912.95,38236.079
600290.SH,20140415,9.27,9.4,9.23,9.31,9.33,-0.02,-0.21,26270.27,24492.403
600290.SH,20140416,9.27,9.42,9.23,9.33,9.31,0.02,0.21,18145.61,16915.722
600290.SH,20140417,9.38,9.38,9.23,9.26,9.33,-0.07,-0.75,23211.56,21534.034
600290.SH,20140418,9.13,9.51,9.13,9.5,9.26,0.24,2.59,40941.51,38616.233
600290.SH,20140421,9.54,9.88,9.53,9.63,9.5,0.13,1.37,105598.58,102829.98
600290.SH,20140422,9.77,10.05,9.61,9.76,9.63,0.13,1.35,125939.95,123729.569
600290.SH,20140423,9.79,9.98,9.58,9.6,9.76,-0.16,-1.64,63810.98,61962.669
600290.SH,20140424,9.63,9.94,9.51,9.88,9.6,0.28,2.92,88297.42,86655.133
600290.SH,20140425,9.87,10.05,9.63,9.66,9.88,-0.22,-2.23,83492.74,82389.141
600290.SH,20140428,9.41,9.44,8.69,8.91,9.66,-0.75,-7.76,106552.89,93453.784
600290.SH,20140429,8.85,9.1,8.41,9.07,8.91,0.16,1.8,96830.29,85118.364
600290.SH,20140430,9.06,9.27,8.95,9.14,9.07,0.07,0.77,37277.41,33954.453
600290.SH,20140505,9.14,9.24,9.01,9.14,9.14,0.0,0.0,29118.92,26548.532
600290.SH,20140506,9.07,9.25,9.06,9.16,9.14,0.02,0.22,29756.82,27254.269
600290.SH,20140507,9.18,9.22,8.83,9.04,9.16,-0.12,-1.31,43564.73,39337.211
600290.SH,20140508,8.98,9.05,8.8,9.0,9.04,-0.04,-0.44,48809.2,43543.255
600290.SH,20140509,9.0,9.15,8.7,8.86,9.0,-0.14,-1.56,56171.11,49704.635
600290.SH,20140512,8.91,9.03,8.8,8.93,8.86,0.07,0.79,38977.75,34713.862
600290.SH,20140513,8.93,8.99,8.6,8.73,8.93,-0.2,-2.24,55280.16,48557.04
600290.SH,20140514,8.73,8.9,8.58,8.83,8.73,0.1,1.15,46676.11,40838.688
600290.SH,20140515,8.84,8.86,8.6,8.73,8.83,-0.1,-1.13,31724.52,27603.187
600290.SH,20140516,8.73,8.74,8.58,8.65,8.73,-0.08,-0.92,32602.17,28189.835
600290.SH,20140519,8.64,8.74,8.57,8.62,8.65,-0.03,-0.35,23851.97,20575.9
600290.SH,20140520,8.65,8.75,8.55,8.59,8.62,-0.03,-0.35,22084.99,19054.254
600290.SH,20140521,8.59,8.9,8.37,8.86,8.59,0.27,3.14,64369.66,54738.371
600290.SH,20140522,8.76,8.97,8.72,8.79,8.86,-0.07,-0.79,48658.93,43085.214
600290.SH,20140523,8.8,8.95,8.66,8.93,8.79,0.14,1.59,68214.33,60098.958
600290.SH,20140526,9.0,9.09,8.91,8.96,8.93,0.03,0.34,45008.2,40463.846
600290.SH,20140527,8.96,9.24,8.9,9.2,8.96,0.24,2.68,74793.35,68278.185
600290.SH,20140528,9.2,9.32,9.07,9.3,9.2,0.1,1.09,67320.45,62031.379
600290.SH,20140529,9.29,9.33,9.09,9.15,9.3,-0.15,-1.61,56615.27,52149.825
600290.SH,20140530,9.15,9.15,8.76,8.99,9.15,-0.16,-1.75,36245.26,32357.098
600290.SH,20140603,8.96,8.98,8.7,8.88,8.99,-0.11,-1.22,48450.97,42720.066
600290.SH,20140604,8.84,8.91,8.66,8.9,8.88,0.02,0.23,40301.8,35469.241
600290.SH,20140605,8.95,9.05,8.95,9.0,8.9,0.1,1.12,54431.19,48989.222
600290.SH,20140606,9.0,9.23,8.89,9.09,9.0,0.09,1.0,66229.09,60443.157
600290.SH,20140609,9.1,9.17,8.94,9.12,9.09,0.03,0.33,42556.88,38472.017
600290.SH,20140610,9.15,9.15,9.0,9.14,9.12,0.02,0.22,36445.01,33151.644
600290.SH,20140611,9.12,9.19,9.09,9.16,9.14,0.02,0.22,31192.14,28515.347
600290.SH,20140612,9.16,9.24,9.1,9.12,9.16,-0.04,-0.44,36625.16,33596.295
600290.SH,20140613,9.12,9.36,9.08,9.34,9.12,0.22,2.41,97484.2,90384.279
600290.SH,20140616,9.38,9.53,9.37,9.43,9.34,0.09,0.96,72405.34,68355.766
600290.SH,20140617,9.41,9.42,9.27,9.31,9.43,-0.12,-1.27,49149.13,45783.33
600290.SH,20140618,9.3,9.36,9.16,9.26,9.31,-0.05,-0.54,44990.46,41583.298
600290.SH,20140619,9.23,9.28,8.76,9.02,9.26,-0.24,-2.59,59528.14,53657.245
600290.SH,20140620,9.01,9.18,8.85,9.15,9.02,0.13,1.44,36180.29,32469.408
600290.SH,20140623,9.12,9.17,9.03,9.1,9.15,-0.05,-0.55,36969.19,33581.688
600290.SH,20140624,9.13,9.26,9.07,9.14,9.1,0.04,0.44,19290.51,17585.202
600290.SH,20140625,9.15,9.15,8.9,9.02,9.14,-0.12,-1.31,45234.12,40716.929
600290.SH,20140626,9.01,9.16,9.0,9.1,9.02,0.08,0.89,53026.98,48244.441
600290.SH,20140627,9.12,9.13,8.98,9.08,9.1,-0.02,-0.22,46426.02,42003.214
600290.SH,20140630,9.11,9.3,9.06,9.29,9.08,0.21,2.31,66023.78,60583.256
600290.SH,20140701,9.28,9.29,9.11,9.18,9.29,-0.11,-1.18,69066.46,63301.936
600290.SH,20140702,9.17,9.25,9.08,9.2,9.18,0.02,0.22,58661.08,53863.008
600290.SH,20140703,9.24,9.4,9.13,9.38,9.2,0.18,1.96,83883.5,78057.721
600290.SH,20140704,9.4,9.46,9.29,9.34,9.38,-0.04,-0.43,72778.98,68153.757
600290.SH,20140707,9.38,9.49,9.28,9.37,9.34,0.03,0.32,80805.82,75710.885
600290.SH,20140708,9.37,9.37,9.21,9.3,9.37,-0.07,-0.75,49792.61,46203.638
600290.SH,20140709,9.3,9.37,9.2,9.27,9.27,0.0,0.0,66969.85,62152.35
600290.SH,20140710,9.27,10.12,9.25,9.84,9.27,0.57,6.15,210963.1,203765.782
600290.SH,20140711,9.8,10.08,9.7,9.84,9.84,0.0,0.0,118339.96,116714.169
600290.SH,20140714,9.89,9.94,9.77,9.91,9.84,0.07,0.71,85111.34,84042.206
600290.SH,20140715,9.93,9.94,9.77,9.8,9.91,-0.11,-1.11,73560.39,72267.833
600290.SH,20140716,9.87,9.89,9.48,9.57,9.8,-0.23,-2.35,83006.45,80279.344
600290.SH,20140717,9.54,9.6,9.38,9.57,9.57,0.0,0.0,69800.74,66289.128
600290.SH,20140718,9.56,9.77,9.51,9.66,9.57,0.09,0.94,52398.15,50789.453
600290.SH,20140721,9.67,9.78,9.45,9.68,9.66,0.02,0.21,54087.56,51831.614
600290.SH,20140722,9.65,9.7,9.55,9.66,9.68,-0.02,-0.21,62746.03,60508.62
600290.SH,20140723,9.67,9.73,9.47,9.56,9.66,-0.1,-1.04,47874.7,45890.041
600290.SH,20140724,9.6,9.6,9.12,9.18,9.56,-0.38,-3.97,88130.97,81695.636
600290.SH,20140725,9.2,9.45,9.16,9.22,9.18,0.04,0.44,82178.22,76122.446
600290.SH,20140728,9.3,9.44,9.28,9.37,9.22,0.15,1.63,93653.96,87487.656
600290.SH,20140729,9.42,9.59,9.36,9.57,9.37,0.2,2.13,92900.33,87926.804
600290.SH,20140730,9.58,9.6,9.47,9.53,9.57,-0.04,-0.42,74532.31,71103.606
600290.SH,20140731,9.54,9.58,9.38,9.5,9.53,-0.03,-0.31,76702.31,72440.475
600290.SH,20140801,9.5,9.74,9.41,9.61,9.5,0.11,1.16,104098.87,100142.283
600290.SH,20140804,9.68,9.8,9.63,9.71,9.61,0.1,1.04,70526.88,68493.533
600290.SH,20140805,9.68,9.77,9.63,9.72,9.71,0.01,0.1,50711.0,49099.84
600290.SH,20140806,9.72,10.14,9.61,10.07,9.72,0.35,3.6,178792.52,177742.378
600290.SH,20140807,10.07,10.59,10.05,10.27,10.07,0.2,1.99,161292.84,167945.191
600290.SH,20140808,10.23,11.0,10.13,10.74,10.27,0.47,4.58,159879.43,169586.151
600290.SH,20140811,10.74,11.01,10.6,10.86,10.74,0.12,1.12,128091.85,139189.572
600290.SH,20140812,10.7,10.92,10.64,10.88,10.86,0.02,0.18,122779.14,132475.099
600290.SH,20140813,10.88,10.94,10.48,10.72,10.88,-0.16,-1.47,110891.96,118667.917
600290.SH,20140814,10.74,10.79,10.5,10.69,10.72,-0.03,-0.28,88701.87,94201.842
600290.SH,20140815,10.68,10.84,10.51,10.77,10.69,0.08,0.75,87908.82,93839.137
600290.SH,20140818,10.78,11.2,10.78,11.1,10.77,0.33,3.06,130354.16,144305.385
600290.SH,20140819,11.08,11.11,10.85,11.0,11.1,-0.1,-0.9,106235.66,116781.436
600290.SH,20140820,11.0,11.07,10.83,10.99,11.0,-0.01,-0.09,111257.98,121651.374
600290.SH,20140821,10.97,11.4,10.88,11.38,10.99,0.39,3.55,231382.24,257951.979
600290.SH,20140822,11.17,11.5,11.0,11.48,11.38,0.1,0.88,205336.55,231255.812
600290.SH,20140825,11.45,11.59,10.88,11.01,11.48,-0.47,-4.09,154857.88,173716.249
600290.SH,20140826,10.94,11.01,10.56,10.63,11.01,-0.38,-3.45,122372.58,131159.393
600290.SH,20140827,10.63,10.78,10.53,10.75,10.63,0.12,1.13,96004.99,102238.53
600290.SH,20140828,10.76,10.86,10.28,10.32,10.75,-0.43,-4.0,109026.08,114332.38
600290.SH,20140829,10.36,10.5,10.22,10.39,10.32,0.07,0.68,88400.25,91363.777
600290.SH,20140901,10.44,10.55,10.38,10.48,10.39,0.09,0.87,113110.89,118407.261
600290.SH,20140902,10.6,10.9,10.48,10.82,10.48,0.34,3.24,166143.48,176996.271
600290.SH,20140903,11.03,11.52,10.94,11.28,10.82,0.46,4.25,259341.29,289619.968
600290.SH,20140904,11.29,11.48,11.03,11.31,11.28,0.03,0.27,172585.81,194520.588
600290.SH,20140905,11.31,11.43,11.21,11.31,11.31,0.0,0.0,130692.25,147868.5
600290.SH,20140909,11.4,11.61,11.26,11.29,11.31,-0.02,-0.18,117317.91,133984.793
600290.SH,20140910,11.42,11.84,11.18,11.82,11.29,0.53,4.69,256144.01,298106.722
600290.SH,20140911,11.62,12.0,11.52,11.57,11.82,-0.25,-2.12,164903.47,193970.924
600290.SH,20140912,11.63,11.73,11.51,11.65,11.57,0.08,0.69,86053.89,100091.974
600290.SH,20140915,11.7,11.7,11.17,11.26,11.65,-0.39,-3.35,224538.56,253705.558
600290.SH,20140916,11.27,11.34,11.01,11.12,11.26,-0.14,-1.24,146148.01,162636.085
600290.SH,20140917,11.14,11.3,11.03,11.16,11.12,0.04,0.36,77773.97,86868.239
600290.SH,20140918,11.1,11.36,11.1,11.34,11.16,0.18,1.61,84097.64,94714.493
600290.SH,20140919,11.35,11.38,11.15,11.22,11.34,-0.12,-1.06,77660.79,87105.618
600290.SH,20140922,11.18,11.19,10.61,10.79,11.22,-0.43,-3.83,100144.94,109199.847
600290.SH,20140923,10.8,10.98,10.73,10.85,10.79,0.06,0.56,63715.36,69045.749
600290.SH,20140924,10.82,11.15,10.78,11.07,10.85,0.22,2.03,74197.84,81648.77
600290.SH,20140925,11.07,11.33,11.06,11.15,11.07,0.08,0.72,84990.28,94966.338
600290.SH,20140926,11.16,11.25,10.92,10.97,11.15,-0.18,-1.61,73159.03,80957.162
600290.SH,20140929,10.92,11.1,10.92,11.04,10.97,0.07,0.64,69700.6,76659.219
600290.SH,20140930,11.05,11.14,10.9,10.97,11.04,-0.07,-0.63,78331.9,85961.719
600290.SH,20141008,10.91,11.16,10.91,11.13,10.97,0.16,1.46,87858.62,97360.283
600290.SH,20141009,11.12,11.25,11.0,11.21,11.13,0.08,0.72,115416.26,128718.441
600290.SH,20141010,11.77,12.18,11.41,11.58,11.21,0.37,3.3,452995.65,527359.512
600290.SH,20141013,11.4,11.52,11.2,11.31,11.58,-0.27,-2.33,169034.17,191088.818
600290.SH,20141014,11.31,11.42,11.12,11.22,11.31,-0.09,-0.8,143353.29,161584.43
600290.SH,20141015,11.17,11.28,11.01,11.18,11.22,-0.04,-0.36,119090.43,132616.215
600290.SH,20141016,11.19,11.21,10.85,10.9,11.18,-0.28,-2.5,127231.17,140637.462
600290.SH,20141017,10.88,10.98,10.58,10.64,10.9,-0.26,-2.39,101081.87,108518.305
600290.SH,20141020,10.66,10.74,10.46,10.59,10.64,-0.05,-0.47,150133.79,158393.464
600290.SH,20141021,10.6,10.76,10.46,10.48,10.59,-0.11,-1.04,104422.75,110622.734
600290.SH,20141022,10.48,10.52,10.06,10.1,10.48,-0.38,-3.63,170890.84,175852.297
600290.SH,20141023,10.0,10.17,10.0,10.07,10.1,-0.03,-0.3,85106.61,85691.706
600290.SH,20141024,10.05,10.17,9.52,9.78,10.07,-0.29,-2.88,225411.0,221125.776
600290.SH,20141027,9.83,9.83,9.68,9.79,9.78,0.01,0.1,119447.7,116778.146
600290.SH,20141028,9.8,10.18,9.8,10.14,9.79,0.35,3.58,145935.28,145799.721
600290.SH,20141029,10.17,10.27,10.0,10.23,10.14,0.09,0.89,179039.36,181401.833
600290.SH,20141030,10.2,10.28,10.07,10.11,10.23,-0.12,-1.17,118676.55,120520.244
600290.SH,20141031,10.14,10.18,9.76,9.92,10.11,-0.19,-1.88,156023.32,154958.268
600290.SH,20141208,10.91,10.91,10.91,10.91,9.92,0.99,9.98,19351.94,21112.967
600290.SH,20141209,12.0,12.0,9.99,10.14,10.91,-0.77,-7.06,707305.47,780757.31
600290.SH,20141210,10.14,10.75,9.9,10.55,10.14,0.41,4.04,269016.7,278396.598
600290.SH,20141211,10.57,10.63,10.3,10.51,10.55,-0.04,-0.38,185069.59,193128.638
600290.SH,20141212,10.47,10.58,10.39,10.48,10.51,-0.03,-0.29,99464.93,104052.789
600290.SH,20141215,10.53,10.64,10.41,10.56,10.48,0.08,0.76,150311.11,157820.816
600290.SH,20141216,10.54,10.54,10.38,10.4,10.56,-0.16,-1.52,128868.26,134308.233
600290.SH,20141217,10.4,10.4,10.0,10.05,10.4,-0.35,-3.37,160211.89,161743.923
600290.SH,20141218,10.14,10.18,9.92,10.17,10.05,0.12,1.19,120772.3,120979.998
600290.SH,20141219,10.19,10.2,9.91,9.99,10.17,-0.18,-1.77,76460.06,76524.901
600290.SH,20141222,9.99,10.25,9.73,9.82,9.99,-0.17,-1.7,108387.05,107893.475
600290.SH,20141223,9.77,9.97,9.71,9.72,9.82,-0.1,-1.02,58167.33,57282.555
600290.SH,20141224,9.8,9.95,9.74,9.93,9.72,0.21,2.16,61072.98,60234.212
600290.SH,20141225,9.93,10.17,9.91,10.1,9.93,0.17,1.71,84237.83,84778.027
600290.SH,20141226,10.13,10.23,9.98,10.07,10.1,-0.03,-0.3,54830.32,55140.945
600290.SH,20141229,10.1,10.15,9.77,9.8,10.07,-0.27,-2.68,78637.76,77723.226
600290.SH,20141230,9.8,9.89,9.6,9.62,9.8,-0.18,-1.84,63598.0,61536.115
600290.SH,20141231,9.65,10.1,9.53,10.05,9.62,0.43,4.47,108467.19,106815.178
600290.SH,20150105,10.02,10.02,9.78,9.96,10.05,-0.09,-0.9,74159.97,73484.08
600290.SH,20150106,9.95,10.09,9.81,10.04,9.96,0.08,0.8,82828.03,82598.621
600290.SH,20150107,10.05,10.07,9.82,9.9,10.04,-0.14,-1.39,88321.73,87370.875
600290.SH,20150108,9.73,10.1,9.73,9.97,9.9,0.07,0.71,107323.16,107119.863
600290.SH,20150109,9.97,10.07,9.85,9.85,9.97,-0.12,-1.2,59375.74,59115.571
600290.SH,20150112,9.76,9.84,9.62,9.63,9.85,-0.22,-2.23,64000.02,61961.875
600290.SH,20150113,9.62,9.71,9.6,9.71,9.63,0.08,0.83,28624.93,27677.811
600290.SH,20150114,9.71,9.82,9.61,9.67,9.71,-0.04,-0.41,36275.77,35192.211
600290.SH,20150115,9.71,9.8,9.65,9.73,9.67,0.06,0.62,32457.32,31587.612
600290.SH,20150116,9.79,9.79,9.67,9.75,9.73,0.02,0.21,41899.2,40796.203
600290.SH,20150119,9.66,9.74,9.38,9.39,9.75,-0.36,-3.69,94516.57,90520.34
600290.SH,20150120,9.4,9.63,9.4,9.62,9.39,0.23,2.45,54914.79,52458.333
600290.SH,20150121,9.64,10.01,9.62,9.95,9.62,0.33,3.43,116349.86,115078.959
600290.SH,20150122,10.0,10.03,9.9,10.0,9.95,0.05,0.5,98413.01,98147.524
600290.SH,20150123,10.0,10.16,10.0,10.06,10.0,0.06,0.6,113196.09,113933.967
600290.SH,20150126,10.06,10.19,10.01,10.16,10.06,0.1,0.99,98740.9,99661.681
600290.SH,20150127,10.19,10.25,10.07,10.25,10.16,0.09,0.89,122955.82,125014.815
600290.SH,20150128,10.25,10.35,10.16,10.34,10.25,0.09,0.88,133905.26,137881.303
600290.SH,20150129,10.45,10.55,10.27,10.3,10.34,-0.04,-0.39,157765.33,164502.869
600290.SH,20150130,10.34,10.38,10.12,10.16,10.3,-0.14,-1.36,97355.23,99523.09
600290.SH,20150202,9.88,10.0,9.14,9.86,10.16,-0.3,-2.95,128197.64,124867.622
600290.SH,20150203,9.82,9.9,9.7,9.79,9.86,-0.07,-0.71,75395.48,73733.033
600290.SH,20150204,9.79,9.84,9.69,9.72,9.79,-0.07,-0.72,62579.38,61115.073
600290.SH,20150205,9.81,9.83,9.7,9.74,9.72,0.02,0.21,54452.11,53125.274
600290.SH,20150206,9.71,9.76,9.46,9.52,9.74,-0.22,-2.26,61032.64,58396.901
600290.SH,20150209,9.47,9.64,9.47,9.5,9.52,-0.02,-0.21,41191.23,39335.489
600290.SH,20150210,9.55,9.6,9.49,9.54,9.5,0.04,0.42,53380.71,50904.856
600290.SH,20150211,9.54,9.61,9.47,9.51,9.54,-0.03,-0.31,52296.26,49800.803
600290.SH,20150212,9.51,9.6,9.49,9.59,9.51,0.08,0.84,46532.95,44401.307
600290.SH,20150213,9.63,9.85,9.62,9.77,9.59,0.18,1.88,69847.91,68209.804
600290.SH,20150216,9.8,9.99,9.78,9.97,9.77,0.2,2.05,62417.28,61720.688
600290.SH,20150217,10.0,10.21,9.96,10.19,9.97,0.22,2.21,87975.95,88951.95
600290.SH,20150225,10.2,10.24,10.05,10.09,10.19,-0.1,-0.98,50987.4,51521.128
600290.SH,20150226,10.09,10.12,9.95,10.09,10.09,0.0,0.0,67751.08,67966.56
600290.SH,20150227,10.09,10.28,10.05,10.21,10.09,0.12,1.19,85613.15,87431.809
600290.SH,20150302,10.27,10.43,10.26,10.4,10.21,0.19,1.86,107412.99,111271.397
600290.SH,20150303,10.33,10.49,10.26,10.29,10.4,-0.11,-1.06,127407.57,132644.783
600290.SH,20150304,10.22,10.41,10.21,10.39,10.29,0.1,0.97,93112.37,95979.062
600290.SH,20150305,10.4,10.67,10.39,10.64,10.39,0.25,2.41,169744.69,179855.001
600290.SH,20150306,10.63,10.74,10.42,10.44,10.64,-0.2,-1.88,101491.12,106938.786
600290.SH,20150309,10.36,10.65,10.22,10.6,10.44,0.16,1.53,99264.21,104484.432
600290.SH,20150310,10.57,11.48,10.5,11.2,10.6,0.6,5.66,388628.79,428237.125
600290.SH,20150311,11.3,11.97,11.2,11.83,11.2,0.63,5.63,411722.51,482184.526
600290.SH,20150312,11.78,11.78,11.33,11.47,11.83,-0.36,-3.04,178687.05,206403.374
600290.SH,20150313,11.48,11.76,11.47,11.57,11.47,0.1,0.87,110314.12,127949.283
600290.SH,20150316,11.6,12.1,11.51,11.91,11.57,0.34,2.94,213771.63,253704.073
600290.SH,20150317,11.89,12.35,11.89,12.22,11.91,0.31,2.6,238446.64,289527.238
600290.SH,20150318,12.19,12.46,11.96,12.13,12.22,-0.09,-0.74,198063.91,241386.06
600290.SH,20150319,12.02,12.15,11.92,12.03,12.13,-0.1,-0.82,179840.96,216339.498
600290.SH,20150320,12.0,12.15,11.91,12.04,12.03,0.01,0.08,121336.68,145584.561
600290.SH,20150323,12.08,12.3,11.84,12.24,12.04,0.2,1.66,282223.94,338041.563
600290.SH,20150324,12.22,12.22,11.75,11.96,12.24,-0.28,-2.29,202782.35,243167.864
600290.SH,20150325,11.95,12.39,11.74,12.14,11.96,0.18,1.51,201271.76,242014.402
600290.SH,20150326,12.11,12.22,11.86,11.95,12.14,-0.19,-1.57,141549.5,169986.846
600290.SH,20150327,11.97,12.28,11.75,12.21,11.95,0.26,2.18,321293.96,386669.6
600290.SH,20150330,12.24,12.8,12.24,12.62,12.21,0.41,3.36,305162.52,385242.339
600290.SH,20150331,12.62,12.79,12.3,12.46,12.62,-0.16,-1.27,171028.11,213082.801
600290.SH,20150401,12.54,13.18,12.4,13.06,12.46,0.6,4.82,223826.56,289192.579
600290.SH,20150402,13.08,13.4,12.91,13.35,13.06,0.29,2.22,246257.94,324749.393
600290.SH,20150403,13.35,14.0,13.3,13.69,13.35,0.34,2.55,272906.78,373979.666
600290.SH,20150407,13.69,14.0,13.69,13.72,13.69,0.03,0.22,190515.51,263358.541
600290.SH,20150408,13.74,13.96,13.12,13.34,13.72,-0.38,-2.77,223077.85,302358.328
600290.SH,20150409,13.2,13.34,12.58,13.25,13.34,-0.09,-0.67,223824.9,290662.891
600290.SH,20150410,13.29,13.67,13.28,13.56,13.25,0.31,2.34,141970.68,192155.462
600290.SH,20150413,13.8,13.8,13.38,13.72,13.56,0.16,1.18,150570.47,205418.176
600290.SH,20150414,13.71,13.72,13.25,13.47,13.72,-0.25,-1.82,146853.41,198692.79
600290.SH,20150415,13.44,13.7,13.0,13.22,13.47,-0.25,-1.86,213024.57,283341.761
600290.SH,20150416,13.0,13.2,12.85,13.18,13.22,-0.04,-0.3,281064.26,365678.851
600290.SH,20150417,13.26,13.37,13.1,13.13,13.18,-0.05,-0.38,153190.97,202131.963
600290.SH,20150420,13.13,13.13,12.64,12.66,13.13,-0.47,-3.58,168768.53,217908.974
600290.SH,20150421,12.74,13.28,12.74,13.26,12.66,0.6,4.74,191256.61,249419.975
600290.SH,20150422,13.29,13.57,13.29,13.41,13.26,0.15,1.13,182187.71,244945.598
600290.SH,20150423,13.42,13.71,13.3,13.5,13.41,0.09,0.67,210164.27,284319.93
600290.SH,20150424,13.4,14.3,13.24,14.28,13.5,0.78,5.78,301376.27,415133.514
600290.SH,20150427,14.5,14.55,14.0,14.24,14.28,-0.04,-0.28,244041.32,348535.774
600290.SH,20150428,14.13,14.45,13.53,13.86,14.24,-0.38,-2.67,198693.1,275634.406
600290.SH,20150429,13.75,14.4,13.7,14.32,13.86,0.46,3.32,192905.79,269519.681
600290.SH,20150430,14.4,14.44,13.85,13.86,14.26,-0.4,-2.81,155005.86,218813.994
600290.SH,20150504,13.89,14.13,13.6,13.79,13.86,-0.07,-0.51,131579.39,182241.018
600290.SH,20150505,13.85,13.88,12.8,13.11,13.79,-0.68,-4.93,180569.26,240770.428
600290.SH,20150506,13.24,13.57,13.0,13.2,13.11,0.09,0.69,134151.65,178414.546
600290.SH,20150507,13.19,13.19,12.9,12.95,13.2,-0.25,-1.89,105339.27,137138.634
600290.SH,20150508,13.03,13.58,13.03,13.39,12.95,0.44,3.4,109584.25,145841.791
600290.SH,20150511,13.78,13.96,13.51,13.92,13.39,0.53,3.96,182248.39,250584.493
600290.SH,20150512,13.88,15.3,13.82,14.93,13.92,1.01,7.26,390524.98,568342.82
600290.SH,20150513,14.8,16.2,14.5,15.5,14.93,0.57,3.82,326002.57,499253.314
600290.SH,20150514,15.51,15.8,15.13,15.55,15.5,0.05,0.32,201029.62,311278.704
600290.SH,20150515,15.55,15.66,14.91,15.44,15.55,-0.11,-0.71,191777.35,292874.665
600290.SH,20150518,15.1,15.67,14.97,15.02,15.44,-0.42,-2.72,179349.06,273729.53
600290.SH,20150519,15.02,15.55,14.7,15.51,15.02,0.49,3.26,191130.02,288454.192
600290.SH,20150520,15.53,16.2,15.35,15.73,15.51,0.22,1.42,219126.35,346283.902
600290.SH,20150521,15.73,16.0,15.52,15.96,15.73,0.23,1.46,198725.26,313523.347
600290.SH,20150522,16.3,17.2,16.3,16.68,15.96,0.72,4.51,315000.66,526741.443
600290.SH,20150525,16.5,17.99,16.36,17.64,16.68,0.96,5.76,234208.16,406069.812
600290.SH,20150526,17.96,18.19,17.3,17.95,17.64,0.31,1.76,246955.59,439080.268
600290.SH,20150527,17.85,17.85,17.14,17.68,17.95,-0.27,-1.5,249552.11,438849.623
600290.SH,20150528,17.7,18.54,16.87,16.98,17.68,-0.7,-3.96,291402.86,524579.563
600290.SH,20150529,16.77,17.66,16.04,17.32,16.98,0.34,2.0,239760.62,411415.136
600290.SH,20150601,17.87,18.99,17.5,18.88,17.32,1.56,9.01,258752.81,473883.417
600290.SH,20150602,18.9,19.7,18.8,19.44,18.88,0.56,2.97,256870.94,494416.442
600290.SH,20150603,19.4,19.6,18.31,18.79,19.44,-0.65,-3.34,205555.36,389119.715
600290.SH,20150604,18.79,19.47,16.91,18.62,18.79,-0.17,-0.9,215664.26,396238.128
600290.SH,20150605,18.77,19.85,18.75,19.45,18.62,0.83,4.46,278713.72,537961.183
600290.SH,20150608,19.3,19.3,18.06,18.35,19.45,-1.1,-5.66,304581.79,564355.381
600290.SH,20150609,18.4,18.63,17.42,17.84,18.35,-0.51,-2.78,230746.91,411540.28
600290.SH,20150610,17.9,18.79,17.42,18.36,17.84,0.52,2.91,227975.28,415067.36
600290.SH,20150611,18.32,18.9,17.81,18.89,18.36,0.53,2.89,247860.59,457891.735
600290.SH,20150612,19.0,19.5,18.56,19.47,18.89,0.58,3.07,285519.01,542456.942
600290.SH,20150615,19.6,20.43,19.11,19.71,19.47,0.24,1.23,320231.51,637416.112
600290.SH,20150616,19.48,19.48,18.13,18.33,19.71,-1.38,-7.0,250857.42,467455.446
600290.SH,20150617,18.3,18.78,17.4,18.74,18.33,0.41,2.24,181675.06,328361.262
600290.SH,20150618,18.73,18.73,17.7,18.0,18.74,-0.74,-3.95,153198.29,278875.435
600290.SH,20150619,17.48,17.78,16.2,17.07,18.0,-0.93,-5.17,166891.12,283834.53
600290.SH,20150623,17.07,17.35,15.9,17.04,17.07,-0.03,-0.18,134967.17,227435.603
600290.SH,20150624,17.29,17.55,16.71,17.26,17.04,0.22,1.29,138619.85,237742.325
600290.SH,20150625,17.25,17.3,15.91,16.5,17.26,-0.76,-4.4,185621.4,308843.853
600290.SH,20150626,16.15,16.15,14.85,14.85,16.5,-1.65,-10.0,122747.57,186325.657
600290.SH,20150629,14.99,15.29,13.37,13.37,14.85,-1.48,-9.97,162749.77,224233.534
600290.SH,20150630,12.15,13.98,12.03,13.44,13.37,0.07,0.52,359856.52,463683.262
600290.SH,20150701,13.1,13.55,12.1,12.1,13.44,-1.34,-9.97,317565.85,410093.978
600290.SH,20150702,11.75,11.99,10.89,10.89,12.1,-1.21,-10.0,237518.49,266742.232
600290.SH,20150703,10.1,10.89,9.8,9.8,10.89,-1.09,-10.01,311316.36,311026.727
600290.SH,20150720,10.78,10.78,10.78,10.78,9.8,0.98,10.0,5781.05,6231.972
600290.SH,20150721,11.86,11.86,11.86,11.86,10.78,1.08,10.02,23836.58,28270.184
600290.SH,20150722,13.05,13.05,12.71,13.05,11.86,1.19,10.03,493868.98,643264.198
600290.SH,20150723,13.35,14.28,13.05,14.14,13.05,1.09,8.35,792364.33,1068616.64
600290.SH,20150724,13.65,14.16,13.18,13.4,14.14,-0.74,-5.23,502995.79,692045.667
600290.SH,20150727,13.0,13.37,12.06,12.06,13.4,-1.34,-10.0,338823.15,434252.437
600290.SH,20150728,11.0,11.9,10.86,11.09,12.06,-0.97,-8.04,309772.45,349120.565
600290.SH,20150729,11.49,11.97,10.92,11.86,11.09,0.77,6.94,241479.72,273414.262
600290.SH,20150730,12.05,12.31,11.38,11.51,11.86,-0.35,-2.95,262384.88,313822.553
600290.SH,20150731,11.31,11.65,11.02,11.21,11.51,-0.3,-2.61,173664.29,195543.117
600290.SH,20150803,11.1,11.3,10.18,10.49,11.21,-0.72,-6.42,130638.6,138955.804
600290.SH,20150804,10.5,11.48,10.5,11.44,10.49,0.95,9.06,167315.21,183588.848
600290.SH,20150805,11.41,12.0,11.1,11.72,11.44,0.28,2.45,257017.85,299137.021
600290.SH,20150806,11.12,11.87,11.08,11.65,11.72,-0.07,-0.6,161603.68,186670.11
600290.SH,20150807,11.8,12.56,11.8,12.4,11.65,0.75,6.44,305029.48,371445.975
600290.SH,20150810,12.44,13.47,12.44,13.26,12.4,0.86,6.94,288264.78,375081.02
600290.SH,20150811,13.29,13.8,13.03,13.31,13.26,0.05,0.38,258511.74,349136.547
600290.SH,20150812,13.17,13.49,12.82,12.9,13.31,-0.41,-3.08,242625.24,317293.088
600290.SH,20150813,12.71,13.3,12.71,13.28,12.9,0.38,2.95,231062.82,301056.999
600290.SH,20150814,13.45,13.5,12.94,13.05,13.28,-0.23,-1.73,233881.2,308471.641
600290.SH,20150817,13.04,14.36,12.99,14.36,13.05,1.31,10.04,379142.98,524527.586
600290.SH,20150818,14.51,14.62,12.92,12.92,14.36,-1.44,-10.03,348905.8,481983.335
600290.SH,20150819,12.36,13.58,12.01,13.41,12.92,0.49,3.79,244952.78,313101.729
600290.SH,20150820,13.09,13.95,13.03,13.15,13.41,-0.26,-1.94,189167.72,254674.961
600290.SH,20150821,12.92,13.15,11.96,12.13,13.15,-1.02,-7.76,181447.23,227168.424
600290.SH,20150824,11.78,11.78,10.92,10.92,12.13,-1.21,-9.98,155857.0,171913.934
600290.SH,20150825,9.83,10.22,9.83,9.83,10.92,-1.09,-9.98,140755.01,138983.38
600290.SH,20150826,9.87,10.3,8.85,9.76,9.83,-0.07,-0.71,306620.21,292934.009
600290.SH,20150827,9.8,10.5,9.68,10.46,9.76,0.7,7.17,223330.78,226311.751
600290.SH,20150828,10.63,11.3,10.48,11.26,10.46,0.8,7.65,170930.86,186917.531
600290.SH,20150831,11.18,11.18,10.13,10.13,11.26,-1.13,-10.04,144905.53,154426.431
600290.SH,20150901,10.15,10.2,9.15,9.23,10.13,-0.9,-8.88,135101.84,128295.547
600290.SH,20150902,8.75,9.46,8.32,8.62,9.23,-0.61,-6.61,133843.72,117811.535
600290.SH,20150907,8.77,9.15,8.76,8.88,8.62,0.26,3.02,119778.31,107402.362
600290.SH,20150908,8.9,9.6,8.68,9.57,8.88,0.69,7.77,125929.99,115552.0
600290.SH,20150909,9.63,10.53,9.63,10.53,9.57,0.96,10.03,212550.87,219763.561
600290.SH,20150910,10.45,10.98,10.21,10.59,10.53,0.06,0.57,159187.88,170288.115
600290.SH,20150911,10.61,10.8,10.13,10.61,10.59,0.02,0.19,105365.75,110590.726
600290.SH,20150914,10.9,11.07,9.55,9.68,10.61,-0.93,-8.77,149873.3,150061.884
600290.SH,20150915,9.5,9.68,8.75,8.98,9.68,-0.7,-7.23,92059.4,85204.216
600290.SH,20150916,8.98,9.88,8.89,9.81,8.98,0.83,9.24,121291.0,113539.432
600290.SH,20150917,9.8,10.13,9.41,9.51,9.81,-0.3,-3.06,143279.0,140268.598
600290.SH,20150918,9.6,9.67,9.36,9.52,9.51,0.01,0.11,62600.14,59508.274
600290.SH,20150921,9.54,10.24,9.45,10.16,9.52,0.64,6.72,98910.99,97735.864
600290.SH,20150922,10.16,10.45,9.85,10.08,10.16,-0.08,-0.79,112077.53,113307.464
600290.SH,20150923,9.8,9.92,9.5,9.65,10.08,-0.43,-4.27,95843.88,92879.95
600290.SH,20150924,9.71,10.34,9.66,10.32,9.65,0.67,6.94,130229.71,130455.886
600290.SH,20150925,10.16,10.27,9.7,9.86,10.32,-0.46,-4.46,76150.45,76215.862
600290.SH,20150928,9.89,10.44,9.89,10.35,9.86,0.49,4.97,98622.08,100913.865
600290.SH,20150929,10.12,10.75,10.06,10.52,10.35,0.17,1.64,113479.55,118217.8
600290.SH,20150930,10.51,11.25,10.51,11.0,10.52,0.48,4.56,139037.33,153027.595
600290.SH,20151008,11.57,11.6,11.19,11.29,11.0,0.29,2.64,102436.48,116617.504
600290.SH,20151009,11.25,11.35,10.98,11.33,11.29,0.04,0.35,93271.79,103951.876
600290.SH,20151012,11.35,12.0,11.34,11.79,11.33,0.46,4.06,108476.02,127434.732
600290.SH,20151013,11.75,11.95,11.53,11.82,11.79,0.03,0.25,91643.21,107419.718
600290.SH,20151014,11.73,11.73,11.36,11.53,11.82,-0.29,-2.45,86661.82,99872.934
600290.SH,20151015,11.45,11.79,11.41,11.75,11.53,0.22,1.91,98461.21,114983.067
600290.SH,20151016,11.9,12.29,11.71,11.97,11.75,0.22,1.87,165227.95,198050.927
600290.SH,20151019,12.0,12.1,11.4,11.51,11.97,-0.46,-3.84,151245.82,176609.226
600290.SH,20151020,11.47,11.72,11.2,11.68,11.51,0.17,1.48,140162.51,160363.583
600290.SH,20151021,11.61,11.99,10.59,10.62,11.68,-1.06,-9.08,175672.23,199003.054
600290.SH,20151022,10.8,11.05,10.5,11.02,10.62,0.4,3.77,99404.57,107606.203
600290.SH,20151023,11.29,11.74,11.19,11.67,11.02,0.65,5.9,141899.73,162990.842
600290.SH,20151026,11.9,12.5,11.66,12.4,11.67,0.73,6.26,233611.29,283225.631
600290.SH,20151027,12.3,13.51,12.11,13.28,12.4,0.88,7.1,395699.49,512089.317
600290.SH,20151028,12.99,13.44,12.81,12.9,13.28,-0.38,-2.86,159691.8,208872.4
600290.SH,20151029,13.05,13.23,12.61,12.84,12.9,-0.06,-0.47,125359.19,162865.905
600290.SH,20151030,12.7,12.95,12.5,12.77,12.84,-0.07,-0.55,99103.57,126024.725
600290.SH,20151102,12.5,12.85,11.9,12.02,12.77,-0.75,-5.87,146525.55,181119.448
600290.SH,20151103,12.12,12.47,11.9,12.3,12.02,0.28,2.33,107573.02,130930.028
600290.SH,20151104,12.75,13.14,12.48,13.04,12.3,0.74,6.02,153570.49,197504.308
600290.SH,20151105,13.02,13.21,12.9,13.0,13.04,-0.04,-0.31,168842.97,220414.332
600290.SH,20151106,13.01,13.98,13.01,13.7,13.0,0.7,5.38,187492.67,256329.986
600290.SH,20151109,13.51,15.07,13.46,14.84,13.7,1.14,8.32,446136.04,650353.175
600290.SH,20151110,14.75,15.2,14.3,14.56,14.84,-0.28,-1.89,225103.83,331451.661
600290.SH,20151111,14.42,14.9,14.42,14.7,14.56,0.14,0.96,107528.25,157826.261
600290.SH,20151112,14.87,15.22,14.65,14.71,14.7,0.01,0.07,180086.91,267207.622
600290.SH,20151113,14.8,16.18,14.71,15.64,14.71,0.93,6.32,446218.19,699898.409
600290.SH,20151116,15.3,16.6,14.91,16.4,15.64,0.76,4.86,353522.83,564843.54
600290.SH,20151117,16.4,16.83,15.81,15.94,16.4,-0.46,-2.8,234411.02,380912.004
600290.SH,20151118,16.0,16.12,15.25,15.27,15.94,-0.67,-4.2,182255.52,287030.125
600290.SH,20151119,15.37,15.95,15.1,15.9,15.27,0.63,4.13,171107.16,263535.504
600290.SH,20151120,15.88,16.34,15.76,15.91,15.9,0.01,0.06,208952.06,335003.659
600290.SH,20151123,15.81,16.4,14.67,14.82,15.91,-1.09,-6.85,291602.33,450626.494
600290.SH,20151124,14.75,15.2,14.75,15.1,14.82,0.28,1.89,151121.29,226647.039
600290.SH,20151125,14.99,15.8,14.87,15.63,15.1,0.53,3.51,186045.74,286682.458
600290.SH,20151126,15.63,15.91,15.18,15.22,15.63,-0.41,-2.62,170898.67,264003.434
600290.SH,20151127,15.29,15.82,14.3,14.61,15.22,-0.61,-4.01,187095.87,285320.316
600290.SH,20151130,14.88,15.11,13.4,14.42,14.61,-0.19,-1.3,244030.15,347229.602
600290.SH,20151201,14.4,14.75,13.94,14.28,14.42,-0.14,-0.97,142131.18,205371.947
600290.SH,20151202,14.27,14.39,13.5,14.03,14.28,-0.25,-1.75,117388.94,163432.633
600290.SH,20151203,14.18,14.79,14.16,14.64,14.03,0.61,4.35,150301.19,217191.516
600290.SH,20151204,14.6,14.82,14.38,14.61,14.64,-0.03,-0.2,116943.62,171046.973
600290.SH,20151207,14.7,14.99,14.61,14.84,14.61,0.23,1.57,99775.27,148295.599
600290.SH,20151208,14.76,14.89,14.15,14.35,14.84,-0.49,-3.3,109929.46,158858.461
600290.SH,20151209,14.2,14.6,14.09,14.35,14.35,0.0,0.0,102684.93,147666.547
600290.SH,20151210,14.49,14.95,14.35,14.7,14.35,0.35,2.44,167159.78,246239.492
600290.SH,20151211,14.65,14.67,14.09,14.51,14.7,-0.19,-1.29,96483.31,139577.323
600290.SH,20151214,14.35,14.92,14.13,14.82,14.51,0.31,2.14,107236.92,157103.481
600290.SH,20151215,14.9,15.5,14.87,15.37,14.82,0.55,3.71,147078.14,224814.365
600290.SH,20151216,15.89,15.89,15.38,15.45,15.37,0.08,0.52,185372.89,289274.474
600290.SH,20151217,15.55,15.84,15.4,15.79,15.45,0.34,2.2,179531.41,281113.041
600290.SH,20151218,15.89,15.89,15.15,15.36,15.79,-0.43,-2.72,148391.81,229266.936
600290.SH,20151221,15.35,15.48,15.09,15.18,15.36,-0.18,-1.17,124079.3,188814.638
600290.SH,20151222,15.18,15.38,14.95,15.24,15.18,0.06,0.4,139710.31,211549.448
600290.SH,20151223,15.25,15.3,14.76,14.78,15.24,-0.46,-3.02,141610.8,211665.818
600290.SH,20151224,14.7,14.92,14.5,14.59,14.78,-0.19,-1.29,101248.12,148871.281
600290.SH,20151225,14.6,15.33,14.59,15.16,14.59,0.57,3.91,156134.76,235467.705
600290.SH,20151228,15.21,15.78,15.05,15.57,15.16,0.41,2.7,337196.41,523744.772
600290.SH,20151229,15.53,15.76,15.33,15.67,15.57,0.1,0.64,192760.92,300425.035
600290.SH,20151230,15.67,15.81,15.35,15.71,15.67,0.04,0.26,167524.79,261361.521
600290.SH,20151231,15.82,15.83,15.3,15.41,15.71,-0.3,-1.91,127263.88,196748.933
600290.SH,20160104,15.38,15.38,13.87,13.87,15.41,-1.54,-9.99,97007.0,140874.079
600290.SH,20160105,13.1,13.74,12.49,13.31,13.87,-0.56,-4.04,162807.01,214710.559
600290.SH,20160106,13.31,13.8,13.31,13.66,13.31,0.35,2.63,167071.22,225947.06
600290.SH,20160107,13.41,13.41,12.29,12.29,13.66,-1.37,-10.03,25417.88,32337.914
600290.SH,20160108,12.3,12.9,11.25,11.86,12.29,-0.43,-3.5,210434.03,252703.583
600290.SH,20160111,11.7,11.7,10.67,10.67,11.86,-1.19,-10.03,158702.16,174472.382
600290.SH,20160115,10.85,10.85,9.8,10.0,10.67,-0.67,-6.28,252074.09,260124.509
600290.SH,20160118,9.44,10.45,9.44,9.9,10.0,-0.1,-1.0,156714.54,157220.209
600290.SH,20160119,9.91,10.4,9.91,10.3,9.9,0.4,4.04,239845.96,244044.683
600290.SH,20160120,10.23,10.46,10.03,10.13,10.3,-0.17,-1.65,136768.25,140228.811
600290.SH,20160121,10.0,10.43,9.85,9.87,10.13,-0.26,-2.57,126713.44,128651.79
600290.SH,20160122,10.0,10.08,9.58,9.96,9.87,0.09,0.91,136792.68,134320.478
600290.SH,20160125,10.14,10.49,10.05,10.27,9.96,0.31,3.11,154803.33,159656.384
600290.SH,20160126,10.11,10.19,9.24,9.24,10.27,-1.03,-10.03,145275.97,141074.43
600290.SH,20160127,9.2,9.28,8.37,8.94,9.24,-0.3,-3.25,157372.29,138156.069
600290.SH,20160128,8.69,8.89,8.21,8.28,8.94,-0.66,-7.38,108379.7,93015.971
600290.SH,20160129,8.32,8.85,8.22,8.72,8.28,0.44,5.31,207420.21,179246.183
600290.SH,20160201,8.7,9.03,8.68,8.86,8.72,0.14,1.61,135619.9,119807.654
600290.SH,20160202,8.89,9.27,8.8,9.26,8.86,0.4,4.51,196817.64,179760.454
600290.SH,20160203,9.14,9.27,8.98,9.19,9.26,-0.07,-0.76,160586.69,146786.585
600290.SH,20160204,9.2,9.56,9.2,9.4,9.19,0.21,2.29,180145.15,169853.539
600290.SH,20160205,9.5,9.67,9.4,9.42,9.4,0.02,0.21,123716.74,117788.031
600290.SH,20160215,9.06,9.27,9.0,9.16,9.42,-0.26,-2.76,75896.02,69448.028
600290.SH,20160216,9.21,9.93,9.21,9.88,9.16,0.72,7.86,203823.63,196897.841
600290.SH,20160217,9.85,10.18,9.75,10.12,9.88,0.24,2.43,170580.33,170170.282
600290.SH,20160218,10.12,10.18,9.9,9.97,10.12,-0.15,-1.48,110226.6,110387.091
600290.SH,20160219,9.99,10.25,9.96,10.07,9.97,0.1,1.0,146307.97,147998.703
600290.SH,20160222,10.16,10.28,10.03,10.2,10.07,0.13,1.29,165571.91,167999.887
600290.SH,20160223,10.17,10.29,9.8,9.98,10.2,-0.22,-2.16,125533.61,126225.915
600290.SH,20160224,9.96,10.06,9.59,9.94,9.98,-0.04,-0.4,116881.06,114841.036
600290.SH,20160225,9.9,9.9,8.98,8.99,9.94,-0.95,-9.56,160303.72,149767.925
600290.SH,20160226,9.11,9.24,8.94,9.1,8.99,0.11,1.22,86864.71,78744.152
600290.SH,20160229,9.15,9.15,8.42,8.81,9.1,-0.29,-3.19,119116.27,103487.618
600290.SH,20160301,8.83,8.99,8.51,8.88,8.81,0.07,0.79,91881.88,80691.981
600290.SH,20160302,8.99,9.32,8.83,9.31,8.88,0.43,4.84,103564.57,94316.79
600290.SH,20160303,9.31,9.5,9.22,9.29,9.31,-0.02,-0.21,102008.75,95555.718
600290.SH,20160304,9.26,9.34,8.69,8.98,9.29,-0.31,-3.34,93473.8,84513.372
600290.SH,20160307,9.0,9.23,8.99,9.09,8.98,0.11,1.22,57409.83,52357.279
600290.SH,20160308,9.07,9.18,8.77,9.15,9.09,0.06,0.66,73649.01,66026.949
600290.SH,20160309,9.0,9.19,8.9,9.05,9.15,-0.1,-1.09,50118.65,45418.502
600290.SH,20160310,9.04,9.12,8.88,8.97,9.05,-0.08,-0.88,60149.05,53942.474
600290.SH,20160311,8.84,8.95,8.73,8.91,8.97,-0.06,-0.67,66906.82,59137.077
600290.SH,20160314,8.95,9.22,8.9,9.14,8.91,0.23,2.58,110015.14,100301.637
600290.SH,20160315,9.05,9.17,8.99,9.02,9.14,-0.12,-1.31,67083.07,60792.471
600290.SH,20160316,9.06,9.13,8.84,9.02,9.02,0.0,0.0,77189.53,69438.945
600290.SH,20160317,9.08,9.38,9.02,9.27,9.02,0.25,2.77,139877.27,128472.497
600290.SH,20160318,9.27,9.71,9.23,9.57,9.27,0.3,3.24,186065.57,176776.945
600290.SH,20160321,9.79,10.1,9.6,10.08,9.57,0.51,5.33,311073.83,306600.906
600290.SH,20160322,9.75,9.97,9.57,9.84,10.08,-0.24,-2.38,271433.5,266934.782
600290.SH,20160323,9.78,9.99,9.61,9.89,9.84,0.05,0.51,192866.11,189475.496
600290.SH,20160324,9.73,9.87,9.62,9.75,9.89,-0.14,-1.42,116049.68,113221.483
600290.SH,20160325,9.75,9.95,9.7,9.83,9.75,0.08,0.82,182512.62,179218.678
600290.SH,20160328,9.83,10.13,9.8,9.87,9.83,0.04,0.41,181767.51,181494.526
600290.SH,20160329,9.84,10.86,9.79,10.59,9.87,0.72,7.29,407305.42,420454.776
600290.SH,20160330,10.37,11.28,10.37,10.94,10.59,0.35,3.31,448530.23,490222.654
600290.SH,20160331,10.9,10.98,10.55,10.7,10.94,-0.24,-2.19,256940.7,275796.523
600290.SH,20160401,10.6,10.78,10.32,10.59,10.7,-0.11,-1.03,206045.89,216240.167
600290.SH,20160405,10.59,10.97,10.4,10.89,10.59,0.3,2.83,170027.21,183491.132
600290.SH,20160406,10.81,10.87,10.5,10.71,10.89,-0.18,-1.65,142562.88,152233.584
600290.SH,20160407,10.76,10.8,10.5,10.52,10.71,-0.19,-1.77,97988.38,103944.396
600290.SH,20160408,10.47,10.47,10.08,10.24,10.52,-0.28,-2.66,120881.92,123901.578
600290.SH,20160411,10.33,10.48,10.27,10.35,10.24,0.11,1.07,104315.05,108370.441
600290.SH,20160412,10.32,10.52,10.12,10.45,10.35,0.1,0.97,91868.07,94440.9
600290.SH,20160413,10.51,10.73,10.45,10.51,10.45,0.06,0.57,142955.02,151703.346
600290.SH,20160414,10.6,10.64,10.35,10.53,10.51,0.02,0.19,82218.53,86406.228
600290.SH,20160415,10.53,10.7,10.5,10.57,10.53,0.04,0.38,93070.6,98381.636
600290.SH,20160418,10.55,10.55,10.15,10.18,10.57,-0.39,-3.69,111912.76,115243.285
600290.SH,20160419,10.25,10.36,10.1,10.17,10.18,-0.01,-0.1,99309.17,101322.108
600290.SH,20160420,10.25,10.27,9.21,9.47,10.17,-0.7,-6.88,137790.07,133589.387
600290.SH,20160421,9.46,9.65,9.33,9.41,9.47,-0.06,-0.63,77208.35,73494.732
600290.SH,20160422,9.33,9.5,9.23,9.42,9.41,0.01,0.11,62395.74,58384.427
600290.SH,20160425,9.4,9.4,9.08,9.23,9.42,-0.19,-2.02,81738.49,75229.572
600290.SH,20160426,9.19,9.32,9.09,9.31,9.23,0.08,0.87,62910.44,58142.693
600290.SH,20160427,9.31,9.4,9.19,9.22,9.31,-0.09,-0.97,68573.26,63743.965
600290.SH,20160428,9.23,9.26,8.99,9.15,9.22,-0.07,-0.76,57053.68,52026.142
600290.SH,20160429,9.13,9.35,9.13,9.28,9.15,0.13,1.42,67371.46,62400.036
600290.SH,20160503,9.26,9.55,9.22,9.54,9.28,0.26,2.8,72492.12,68428.293
600290.SH,20160504,9.51,9.57,9.41,9.5,9.54,-0.04,-0.42,51463.53,48836.311
600290.SH,20160505,9.42,9.6,9.35,9.57,9.5,0.07,0.74,55269.53,52260.002
600290.SH,20160506,9.55,9.79,9.21,9.25,9.57,-0.32,-3.34,94373.14,89467.949
600290.SH,20160509,9.2,9.21,8.88,8.96,9.25,-0.29,-3.14,64961.3,58763.629
600290.SH,20160510,8.99,9.08,8.85,8.99,8.96,0.03,0.33,32734.6,29351.771
600290.SH,20160511,9.01,9.07,8.8,8.89,8.99,-0.1,-1.11,37888.39,33890.834
600290.SH,20160512,8.84,8.98,8.68,8.97,8.89,0.08,0.9,50168.11,44216.04
600290.SH,20160513,9.0,9.06,8.91,8.93,8.97,-0.04,-0.45,34083.87,30604.318
600290.SH,20160516,8.98,9.13,8.87,9.07,8.93,0.14,1.57,53541.65,48301.052
600290.SH,20160517,9.12,9.12,8.94,8.99,9.04,-0.05,-0.55,36299.69,32685.99
600290.SH,20160518,9.01,9.01,8.29,8.67,8.99,-0.32,-3.56,121008.21,103360.729
600290.SH,20160519,8.64,8.75,8.51,8.65,8.67,-0.02,-0.23,44407.96,38381.202
600290.SH,20160520,8.58,8.7,8.45,8.66,8.65,0.01,0.12,48175.63,41285.695
600290.SH,20160523,8.67,8.83,8.65,8.75,8.66,0.09,1.04,45372.44,39716.937
600290.SH,20160524,8.8,8.8,8.6,8.69,8.75,-0.06,-0.69,34913.21,30211.522
600290.SH,20160525,8.74,9.09,8.7,8.82,8.69,0.13,1.5,84917.1,75472.877
600290.SH,20160526,8.79,8.84,8.57,8.83,8.82,0.01,0.11,45679.93,39783.161
600290.SH,20160527,8.76,8.83,8.67,8.78,8.83,-0.05,-0.57,32395.57,28290.967
600290.SH,20160530,8.72,8.76,8.61,8.7,8.78,-0.08,-0.91,25596.89,22211.109
600290.SH,20160531,8.71,9.09,8.69,9.07,8.7,0.37,4.25,93640.92,83762.299
600290.SH,20160601,9.08,9.14,9.0,9.06,9.07,-0.01,-0.11,84720.52,76832.393
600290.SH,20160602,9.0,9.19,8.98,9.12,9.06,0.06,0.66,55516.82,50361.28
600290.SH,20160603,9.13,9.33,9.06,9.21,9.12,0.09,0.99,85517.11,78741.279
600290.SH,20160606,9.21,9.4,9.16,9.34,9.21,0.13,1.41,60086.25,55894.428
600290.SH,20160607,9.4,9.4,9.18,9.21,9.34,-0.13,-1.39,60470.56,56041.612
600290.SH,20160608,9.26,9.31,9.06,9.24,9.21,0.03,0.33,65087.42,59621.473
600290.SH,20160613,9.13,9.15,8.76,8.79,9.24,-0.45,-4.87,40907.49,36967.502
600290.SH,20160614,8.75,8.85,8.73,8.82,8.79,0.03,0.34,36711.96,32231.719
600290.SH,20160615,8.75,9.1,8.7,9.0,8.82,0.18,2.04,41506.24,37226.743
600290.SH,20160616,9.04,9.28,8.97,9.16,9.0,0.16,1.78,52627.94,48248.574
600290.SH,20160617,9.17,9.5,9.1,9.41,9.16,0.25,2.73,101274.61,94228.483
600290.SH,20160620,9.38,9.42,9.23,9.36,9.41,-0.05,-0.53,40974.01,38184.334
600290.SH,20160621,9.43,9.66,9.26,9.29,9.36,-0.07,-0.75,82072.96,77778.431
600290.SH,20160622,9.35,9.45,9.22,9.39,9.29,0.1,1.08,107089.24,99792.51
600290.SH,20160623,9.38,9.95,9.28,9.85,9.39,0.46,4.9,213711.93,207295.748
600290.SH,20160624,9.94,9.94,9.45,9.71,9.85,-0.14,-1.42,157861.03,154035.799
600290.SH,20160627,9.62,9.96,9.61,9.85,9.71,0.14,1.44,185954.06,183624.308
600290.SH,20160628,9.84,9.94,9.76,9.87,9.85,0.02,0.2,104048.11,102487.629
600290.SH,20160629,9.93,9.97,9.7,9.87,9.87,0.0,0.0,86830.79,85450.972
600290.SH,20160630,9.79,9.88,9.62,9.77,9.87,-0.1,-1.01,73397.91,71582.425
600290.SH,20160701,9.77,9.83,9.7,9.77,9.77,0.0,0.0,41509.39,40457.227
600290.SH,20160704,9.69,9.99,9.69,9.87,9.77,0.1,1.02,73763.66,72827.833
600290.SH,20160705,9.88,10.34,9.85,10.11,9.87,0.24,2.43,176648.67,177288.335
600290.SH,20160706,10.08,10.19,9.95,10.06,10.11,-0.05,-0.49,90045.83,90800.465
600290.SH,20160707,10.0,10.11,9.91,9.98,10.06,-0.08,-0.8,94386.88,94375.226
600290.SH,20160708,9.91,10.0,9.76,9.82,9.98,-0.16,-1.6,64700.53,63995.863
600290.SH,20160711,9.87,10.06,9.78,9.86,9.82,0.04,0.41,66261.45,65631.029
600290.SH,20160712,9.86,9.94,9.71,9.93,9.86,0.07,0.71,71358.23,70236.048
600290.SH,20160713,9.96,10.26,9.86,10.09,9.93,0.16,1.61,95062.44,95511.208
600290.SH,20160714,10.1,10.13,9.91,10.0,10.09,-0.09,-0.89,71058.03,71118.387
600290.SH,20160715,9.97,10.12,9.8,9.99,10.0,-0.01,-0.1,83141.72,82613.675
600290.SH,20160718,9.91,9.94,9.81,9.84,9.99,-0.15,-1.5,53140.74,52357.776
600290.SH,20160719,9.83,9.91,9.74,9.89,9.84,0.05,0.51,54702.0,53747.905
600290.SH,20160720,9.88,9.98,9.83,9.9,9.89,0.01,0.1,57862.74,57402.393
600290.SH,20160721,9.92,10.04,9.88,9.95,9.9,0.05,0.51,67917.06,67527.031
600290.SH,20160722,9.94,9.95,9.81,9.89,9.95,-0.06,-0.6,59143.24,58386.502
600290.SH,20160725,9.88,9.95,9.68,9.73,9.89,-0.16,-1.62,71484.9,70034.456
600290.SH,20160726,9.73,9.85,9.7,9.83,9.73,0.1,1.03,67940.77,66366.059
600290.SH,20160727,9.81,9.82,9.0,9.31,9.83,-0.52,-5.29,102824.32,97444.876
600290.SH,20160728,9.26,9.58,9.26,9.56,9.31,0.25,2.69,92832.79,87417.147
600290.SH,20160729,9.51,9.68,9.46,9.58,9.56,0.02,0.21,48979.28,46790.73
600290.SH,20160801,9.55,9.55,9.28,9.42,9.58,-0.16,-1.67,29270.02,27382.631
600290.SH,20160802,9.44,9.47,9.34,9.42,9.42,0.0,0.0,19457.95,18282.401
600290.SH,20160803,9.4,9.43,9.36,9.37,9.42,-0.05,-0.53,20404.16,19140.713
600290.SH,20160804,9.37,9.45,9.31,9.36,9.37,-0.01,-0.11,21589.4,20192.796
600290.SH,20160805,9.4,9.77,9.39,9.66,9.36,0.3,3.21,111352.4,107390.436
600290.SH,20160808,9.64,9.82,9.54,9.79,9.66,0.13,1.35,77602.06,75555.979
600290.SH,20160809,9.75,9.86,9.75,9.83,9.79,0.04,0.41,70773.11,69450.058
600290.SH,20160810,9.88,9.9,9.73,9.73,9.83,-0.1,-1.02,59079.34,58047.845
600290.SH,20160811,9.7,9.71,9.6,9.64,9.73,-0.09,-0.93,26774.88,25843.045
600290.SH,20160812,9.65,9.81,9.56,9.8,9.64,0.16,1.66,63137.42,61540.401
600290.SH,20160815,9.84,10.15,9.74,10.1,9.8,0.3,3.06,142686.41,143177.658
600290.SH,20160816,10.1,10.29,9.96,10.17,10.1,0.07,0.69,111265.67,113129.016
600290.SH,20160817,10.11,10.2,10.0,10.17,10.17,0.0,0.0,47004.25,47461.573
600290.SH,20160818,10.15,10.18,10.0,10.08,10.17,-0.09,-0.89,42103.42,42431.527
600290.SH,20160819,10.08,10.17,10.02,10.14,10.08,0.06,0.6,57798.05,58516.135
600290.SH,20160822,10.11,10.12,9.98,9.98,10.14,-0.16,-1.58,50177.29,50309.992
600290.SH,20160823,9.99,10.12,9.99,10.09,9.98,0.11,1.1,35452.44,35726.748
600290.SH,20160824,10.01,10.14,9.96,10.08,10.09,-0.01,-0.1,52304.89,52456.539
600290.SH,20160825,10.02,10.08,9.9,10.07,10.08,-0.01,-0.1,52742.43,52700.3
600290.SH,20160826,10.12,10.12,9.99,10.06,10.07,-0.01,-0.1,47808.39,48086.594
600290.SH,20160829,10.08,10.32,9.99,10.18,10.06,0.12,1.19,116016.37,118000.869
600290.SH,20160830,10.18,10.5,10.17,10.41,10.18,0.23,2.26,161450.8,167970.388
600290.SH,20160831,10.37,10.58,10.24,10.35,10.41,-0.06,-0.58,86105.55,89171.24
600290.SH,20160901,10.34,10.45,10.1,10.19,10.35,-0.16,-1.55,105858.21,109424.404
600290.SH,20160902,10.22,10.32,10.1,10.28,10.19,0.09,0.88,112250.49,114482.101
600290.SH,20160905,10.26,10.27,10.14,10.2,10.28,-0.08,-0.78,64136.74,65373.912
600290.SH,20160906,10.16,10.32,10.05,10.29,10.2,0.09,0.88,80419.26,81704.909
600290.SH,20160907,10.25,10.33,10.19,10.26,10.29,-0.03,-0.29,41584.2,42573.227
600290.SH,20160908,10.29,10.55,10.21,10.44,10.26,0.18,1.75,115893.83,121095.637
600290.SH,20160909,10.35,10.7,10.19,10.53,10.44,0.09,0.86,163921.95,172607.761
600290.SH,20160912,10.37,10.55,10.28,10.4,10.53,-0.13,-1.23,137952.54,143738.028
600290.SH,20160913,10.4,10.47,10.32,10.43,10.4,0.03,0.29,68670.23,71381.556
600290.SH,20160914,10.42,10.42,10.24,10.28,10.43,-0.15,-1.44,53022.34,54695.272
600290.SH,20160919,10.27,10.4,10.26,10.36,10.28,0.08,0.78,56021.78,57874.013
600290.SH,20160920,10.35,10.7,10.25,10.58,10.36,0.22,2.12,139291.28,147050.387
600290.SH,20160921,10.61,10.76,10.47,10.66,10.58,0.08,0.76,102616.07,109300.838
600290.SH,20160922,10.65,10.69,10.58,10.68,10.66,0.02,0.19,69017.06,73381.515
600290.SH,20160923,10.49,10.97,10.4,10.96,10.68,0.28,2.62,266235.79,285551.237
600290.SH,20160926,10.95,11.18,10.64,10.8,10.96,-0.16,-1.46,197326.79,215265.429
600290.SH,20160927,10.66,11.14,10.63,11.13,10.8,0.33,3.06,144723.8,157740.583
600290.SH,20160928,11.05,11.48,11.0,11.38,11.13,0.25,2.25,256344.79,290247.996
600290.SH,20160929,11.29,11.43,11.2,11.36,11.38,-0.02,-0.18,112991.98,127792.986
600290.SH,20160930,11.38,11.5,11.2,11.44,11.36,0.08,0.7,90661.17,102705.478
600290.SH,20161010,11.44,11.58,11.32,11.47,11.44,0.03,0.26,127412.88,145980.64
600290.SH,20161011,11.49,11.53,11.27,11.47,11.47,0.0,0.0,100808.73,114991.921
600290.SH,20161012,11.35,11.85,11.28,11.82,11.47,0.35,3.05,154743.17,179730.936
600290.SH,20161013,11.74,12.19,11.7,12.05,11.82,0.23,1.95,268614.18,322985.429
600290.SH,20161014,11.95,12.18,11.85,11.97,12.05,-0.08,-0.66,134743.16,162443.974
600290.SH,20161017,11.97,12.08,11.62,11.78,11.97,-0.19,-1.59,89571.25,106382.376
600290.SH,20161018,11.8,11.87,11.62,11.86,11.78,0.08,0.68,134040.81,157305.256
600290.SH,20161019,11.8,11.88,11.71,11.85,11.86,-0.01,-0.08,82172.56,96785.326
600290.SH,20161020,11.79,12.01,11.71,11.78,11.85,-0.07,-0.59,85440.29,101747.507
600290.SH,20161021,11.77,11.77,11.35,11.56,11.78,-0.22,-1.87,147419.15,169700.762
600290.SH,20161024,11.56,11.68,11.38,11.59,11.56,0.03,0.26,95296.13,109864.459
600290.SH,20161025,11.59,12.13,11.59,12.01,11.59,0.42,3.62,154311.41,184858.603
600290.SH,20161026,11.97,12.08,11.86,12.04,12.01,0.03,0.25,112634.14,135034.937
600290.SH,20161027,12.05,12.18,11.98,12.12,12.04,0.08,0.66,76425.2,92461.939
600290.SH,20161028,12.15,12.15,11.73,11.89,12.12,-0.23,-1.9,100499.3,120065.004
600290.SH,20161031,11.85,11.98,11.66,11.93,11.89,0.04,0.34,65279.27,77652.179
600290.SH,20161101,11.88,12.2,11.8,12.09,11.93,0.16,1.34,96833.89,117063.278
600290.SH,20161102,12.04,12.25,11.99,12.23,12.09,0.14,1.16,75191.62,91704.622
600290.SH,20161103,12.23,12.41,12.01,12.16,12.23,-0.07,-0.57,115068.87,141069.3
600290.SH,20161104,12.07,12.31,12.07,12.3,12.16,0.14,1.15,61615.24,75359.588
600290.SH,20161107,12.36,12.4,12.16,12.33,12.3,0.03,0.24,109639.5,134854.708
600290.SH,20161108,12.28,12.51,12.22,12.5,12.33,0.17,1.38,102227.22,126787.137
600290.SH,20161109,12.51,12.72,12.32,12.71,12.5,0.21,1.68,157699.68,198636.44
600290.SH,20161110,12.63,13.38,12.63,13.36,12.71,0.65,5.11,191746.58,251177.081
600290.SH,20161111,13.27,13.58,13.1,13.24,13.36,-0.12,-0.9,156939.14,209891.425
600290.SH,20161114,13.15,13.39,13.06,13.29,13.24,0.05,0.38,77082.69,102365.176
600290.SH,20161115,13.23,13.55,13.15,13.42,13.29,0.13,0.98,66234.59,88150.014
600290.SH,20161116,13.4,13.56,13.16,13.27,13.42,-0.15,-1.12,97946.21,130950.075
600290.SH,20161117,13.2,13.32,12.93,13.1,13.27,-0.17,-1.28,81646.02,107276.342
600290.SH,20161118,13.04,13.62,13.04,13.56,13.1,0.46,3.51,157816.95,212025.748
600290.SH,20161121,13.4,13.88,13.4,13.78,13.56,0.22,1.62,137588.92,189053.996
600290.SH,20161122,13.79,14.0,13.5,13.77,13.78,-0.01,-0.07,89639.5,123558.444
600290.SH,20161123,13.71,13.85,13.6,13.67,13.77,-0.1,-0.73,61002.7,83437.13
600290.SH,20161124,13.61,13.73,13.47,13.5,13.67,-0.17,-1.24,52491.0,71102.144
600290.SH,20161125,13.51,13.57,12.6,13.28,13.5,-0.22,-1.63,74487.42,97824.387
600290.SH,20161128,13.27,14.12,13.27,14.09,13.28,0.81,6.1,125814.88,173656.478
600290.SH,20161129,14.1,14.3,13.71,13.72,14.09,-0.37,-2.63,88848.41,125100.125
600290.SH,20161130,13.72,14.35,13.72,14.29,13.72,0.57,4.15,121119.62,171237.643
600290.SH,20161201,14.34,14.53,14.14,14.47,14.29,0.18,1.26,86613.55,124506.852
600290.SH,20161202,14.4,14.59,14.1,14.33,14.47,-0.14,-0.97,62306.55,89412.63
600290.SH,20161205,14.38,14.4,13.89,13.93,14.33,-0.4,-2.79,64919.25,91244.631
600290.SH,20161206,13.88,14.16,13.88,14.0,13.93,0.07,0.5,44247.1,62026.693
600290.SH,20161207,14.1,14.16,13.72,14.05,14.0,0.05,0.36,68288.77,95233.094
600290.SH,20161208,14.16,14.16,13.85,13.92,14.05,-0.13,-0.93,49275.4,68796.313
600290.SH,20161209,13.83,13.96,13.51,13.68,13.92,-0.24,-1.72,84441.11,115165.597
600290.SH,20161212,13.69,13.8,12.71,13.13,13.68,-0.55,-4.02,92963.93,123134.651
600290.SH,20161213,13.12,13.25,12.97,13.12,13.13,-0.01,-0.08,44137.54,57869.661
600290.SH,20161214,13.14,13.17,12.76,13.01,13.12,-0.11,-0.84,44059.34,56966.263
600290.SH,20161215,13.0,13.48,12.88,13.34,13.01,0.33,2.54,54367.91,72194.065
600290.SH,20161216,13.35,13.54,13.22,13.45,13.34,0.11,0.82,41771.47,55987.823
600290.SH,20161219,13.45,14.05,13.22,13.81,13.45,0.36,2.68,70274.26,97456.055
600290.SH,20161220,13.81,13.94,13.61,13.83,13.81,0.02,0.14,33675.0,46399.565
600290.SH,20161221,13.83,13.9,13.58,13.79,13.83,-0.04,-0.29,37941.63,52036.465
600290.SH,20161222,13.72,13.78,13.15,13.58,13.79,-0.21,-1.52,60833.64,81530.537
600290.SH,20161223,13.5,13.5,13.14,13.37,13.58,-0.21,-1.55,61562.93,81793.81
600290.SH,20161226,13.34,13.6,13.11,13.47,13.37,0.1,0.75,23578.25,31554.274
600290.SH,20161227,13.47,13.53,13.27,13.37,13.47,-0.1,-0.74,34990.92,46889.77
600290.SH,20161228,13.37,13.55,13.33,13.38,13.37,0.01,0.07,32524.14,43614.877
600290.SH,20161229,13.38,13.48,13.27,13.33,13.38,-0.05,-0.37,20815.0,27863.688
600290.SH,20161230,13.4,13.43,13.2,13.37,13.33,0.04,0.3,29944.42,39915.108
600290.SH,20170103,13.45,13.45,13.05,13.13,13.37,-0.24,-1.8,37636.8,49859.843
600290.SH,20170104,13.15,13.49,12.91,13.24,13.13,0.11,0.84,81218.69,106754.817
600290.SH,20170105,13.24,13.5,12.98,13.35,13.24,0.11,0.83,82092.3,108550.501
600290.SH,20170106,13.3,13.52,13.18,13.32,13.35,-0.03,-0.22,37389.19,49744.608
600290.SH,20170109,13.35,13.48,13.05,13.07,13.32,-0.25,-1.88,38276.98,50443.326
600290.SH,20170110,13.07,13.07,11.76,11.76,13.07,-1.31,-10.02,365413.43,434830.537
600290.SH,20170111,11.26,11.73,11.1,11.2,11.76,-0.56,-4.76,266163.39,302898.281
600290.SH,20170112,11.27,11.58,11.25,11.49,11.2,0.29,2.59,129021.25,147412.389
600290.SH,20170113,11.44,11.65,11.36,11.43,11.49,-0.06,-0.52,55644.34,64171.23
600290.SH,20170116,11.3,11.59,10.29,10.29,11.43,-1.14,-9.97,96320.0,105598.655
600290.SH,20170117,9.35,10.9,9.35,10.74,10.29,0.45,4.37,162570.01,168748.087
600290.SH,20170118,10.4,10.89,10.36,10.8,10.74,0.06,0.56,105644.3,111697.489
600290.SH,20170119,10.72,10.79,10.44,10.64,10.8,-0.16,-1.48,70935.75,75022.152
600290.SH,20170120,10.65,10.75,10.5,10.63,10.64,-0.01,-0.09,81919.44,86895.008
600290.SH,20170123,10.6,10.7,10.54,10.66,10.63,0.03,0.28,43806.93,46551.912
600290.SH,20170124,10.64,10.7,10.5,10.55,10.66,-0.11,-1.03,24091.56,25439.928
600290.SH,20170125,10.55,10.63,10.42,10.53,10.55,-0.02,-0.19,32643.32,34295.525
600290.SH,20170126,10.65,11.08,10.51,11.07,10.53,0.54,5.13,70543.29,75950.86
600290.SH,20170203,11.05,11.08,10.85,10.95,11.07,-0.12,-1.08,63092.39,69210.841
600290.SH,20170206,10.96,11.0,10.8,10.95,10.95,0.0,0.0,33938.0,37093.46
600290.SH,20170207,11.0,11.02,10.89,10.93,10.95,-0.02,-0.18,27059.02,29607.799
600290.SH,20170208,10.98,11.29,10.71,11.08,10.93,0.15,1.37,90048.8,99205.617
600290.SH,20170209,11.14,11.14,10.91,11.0,11.08,-0.08,-0.72,83473.27,91721.387
600290.SH,20170210,11.0,11.25,10.91,11.11,11.0,0.11,1.0,77241.84,85530.709
600290.SH,20170213,11.06,11.3,10.95,11.18,11.11,0.07,0.63,162578.98,181619.421
600290.SH,20170214,11.12,11.51,11.07,11.46,11.18,0.28,2.5,318142.69,360311.718
600290.SH,20170215,11.39,11.46,11.21,11.32,11.46,-0.14,-1.22,141815.51,160330.612
600290.SH,20170216,11.35,11.4,11.24,11.31,11.32,-0.01,-0.09,98082.86,110791.527
600290.SH,20170217,11.35,11.35,11.18,11.31,11.31,0.0,0.0,110016.3,124025.236
600290.SH,20170220,11.34,11.44,11.23,11.31,11.31,0.0,0.0,76205.67,86122.096
600290.SH,20170221,11.32,11.39,11.25,11.28,11.31,-0.03,-0.27,61245.07,69270.467
600290.SH,20170222,11.28,11.36,11.1,11.27,11.28,-0.01,-0.09,132208.11,148343.24
600290.SH,20170223,11.11,11.33,11.11,11.24,11.27,-0.03,-0.27,82784.0,93251.173
600290.SH,20170224,11.24,11.75,11.2,11.62,11.24,0.38,3.38,296261.5,340775.762
600290.SH,20170227,11.5,11.57,11.38,11.42,11.62,-0.2,-1.72,120019.46,137476.579
600290.SH,20170228,11.46,11.46,11.25,11.32,11.42,-0.1,-0.88,82923.05,94012.961
600290.SH,20170301,11.26,11.55,11.21,11.32,11.32,0.0,0.0,97495.76,110690.621
600290.SH,20170302,11.35,11.35,11.22,11.25,11.32,-0.07,-0.62,69960.43,78729.009
600290.SH,20170303,11.2,11.38,11.14,11.29,11.25,0.04,0.36,52493.15,59247.859
600290.SH,20170306,11.3,11.36,11.17,11.32,11.29,0.03,0.27,140463.83,158158.979
600290.SH,20170307,11.27,11.44,11.25,11.4,11.32,0.08,0.71,76247.7,86753.733
600290.SH,20170308,11.42,11.73,11.36,11.54,11.4,0.14,1.23,126435.75,146840.252
600290.SH,20170309,11.54,11.79,11.49,11.73,11.54,0.19,1.65,87353.42,102005.064
600290.SH,20170310,11.74,11.79,11.58,11.74,11.73,0.01,0.09,56621.63,66078.591
600290.SH,20170313,11.62,12.14,11.61,11.8,11.74,0.06,0.51,256451.04,306187.212
600290.SH,20170314,11.74,11.85,11.53,11.61,11.8,-0.19,-1.61,118640.22,138736.967
600290.SH,20170315,11.54,11.99,11.52,11.69,11.61,0.08,0.69,114657.34,134852.29
600290.SH,20170316,11.72,12.22,11.69,12.12,11.69,0.43,3.68,155939.93,186271.411
600290.SH,20170317,12.14,12.27,11.93,11.94,12.12,-0.18,-1.49,83984.3,101745.37
600290.SH,20170320,11.87,11.96,11.71,11.92,11.94,-0.02,-0.17,59489.4,70143.095
600290.SH,20170321,11.92,12.25,11.8,12.09,11.92,0.17,1.43,110827.2,132901.878
600290.SH,20170322,11.98,12.02,11.76,11.94,12.09,-0.15,-1.24,73324.06,87224.069
600290.SH,20170323,11.91,11.99,11.7,11.85,11.94,-0.09,-0.75,58365.04,69009.621
600290.SH,20170324,11.76,11.94,11.52,11.55,11.85,-0.3,-2.53,104444.01,122458.448
600290.SH,20170327,11.55,11.65,11.49,11.54,11.55,-0.01,-0.09,74328.01,85972.713
600290.SH,20170328,11.55,11.8,11.51,11.75,11.54,0.21,1.82,64603.51,75327.67
600290.SH,20170329,11.75,11.78,11.35,11.44,11.75,-0.31,-2.64,85242.81,98227.414
600290.SH,20170330,11.43,11.43,10.81,11.07,11.44,-0.37,-3.23,114053.03,125962.348
600290.SH,20170331,10.78,11.2,10.77,11.16,11.07,0.09,0.81,98010.69,107135.356
600290.SH,20170405,11.28,11.8,11.1,11.78,11.16,0.62,5.56,118308.43,136289.638
600290.SH,20170406,11.7,12.04,11.7,11.86,11.78,0.08,0.68,103413.76,123367.94
600290.SH,20170407,11.94,12.12,11.79,11.85,11.86,-0.01,-0.08,74696.06,89251.467
600290.SH,20170410,11.62,11.85,11.43,11.76,11.85,-0.09,-0.76,102927.42,120217.296
600290.SH,20170411,11.7,11.7,11.29,11.39,11.76,-0.37,-3.15,95274.02,109187.249
600290.SH,20170412,11.4,12.05,11.32,11.92,11.39,0.53,4.65,300333.15,351805.871
600290.SH,20170413,11.85,11.94,11.72,11.75,11.92,-0.17,-1.43,82091.0,96920.168
600290.SH,20170414,11.71,11.78,11.45,11.5,11.75,-0.25,-2.13,87844.0,101387.715
600290.SH,20170417,11.3,11.62,11.11,11.15,11.5,-0.35,-3.04,88419.5,99985.667
600290.SH,20170418,11.11,11.33,10.54,11.16,11.15,0.01,0.09,122224.29,134860.674
600290.SH,20170419,11.03,11.18,10.75,11.16,11.16,0.0,0.0,60842.63,66635.158
600290.SH,20170420,11.16,11.31,11.0,11.13,11.16,-0.03,-0.27,40801.85,45622.154
600290.SH,20170421,11.06,11.21,11.0,11.07,11.13,-0.06,-0.54,17017.54,18877.374
600290.SH,20170424,11.02,11.09,10.82,10.86,11.07,-0.21,-1.9,37680.46,41296.671
600290.SH,20170425,10.86,11.04,10.58,11.02,10.86,0.16,1.47,46768.09,51122.136
600290.SH,20170426,11.03,11.03,10.87,10.88,11.02,-0.14,-1.27,24357.41,26671.138
600290.SH,20170427,10.97,11.13,10.78,11.08,10.88,0.2,1.84,37169.59,40686.049
600290.SH,20170428,11.08,11.2,11.0,11.19,11.08,0.11,0.99,15293.01,17030.11
600290.SH,20170502,11.28,11.45,11.19,11.42,11.19,0.23,2.06,105677.19,119951.386
600290.SH,20170503,11.42,11.5,11.29,11.3,11.42,-0.12,-1.05,69399.45,79414.574
600290.SH,20170504,11.18,11.61,11.18,11.48,11.3,0.18,1.59,62666.97,72276.013
600290.SH,20170505,11.48,11.56,11.32,11.42,11.48,-0.06,-0.52,20283.0,23245.586
600290.SH,20170508,11.42,11.45,11.15,11.33,11.42,-0.09,-0.79,26298.04,29754.658
600290.SH,20170509,11.33,11.36,10.95,11.07,11.33,-0.26,-2.29,47452.52,52917.155
600290.SH,20170510,10.91,11.17,10.91,11.06,11.07,-0.01,-0.09,23129.5,25515.456
600290.SH,20170511,10.99,11.2,10.83,10.95,11.06,-0.11,-0.99,80322.39,88350.551
600290.SH,20170512,10.95,11.05,10.87,10.98,10.95,0.03,0.27,23035.51,25191.93
600290.SH,20170515,11.14,11.14,10.9,10.98,10.98,0.0,0.0,16645.85,18247.244
600290.SH,20170516,10.91,11.6,10.83,11.39,10.98,0.41,3.73,40684.21,45351.646
600290.SH,20170517,11.4,11.78,11.32,11.58,11.39,0.19,1.67,47547.19,55200.806
600290.SH,20170518,11.51,11.67,11.43,11.61,11.58,0.03,0.26,31013.0,35971.266
600290.SH,20170519,11.61,11.76,11.56,11.63,11.61,0.02,0.17,33225.73,38735.31
600290.SH,20170522,11.63,11.78,11.58,11.71,11.63,0.08,0.69,34803.02,40727.255
600290.SH,20170523,11.72,11.73,11.54,11.54,11.71,-0.17,-1.45,29152.0,33953.507
600290.SH,20170524,11.54,11.59,11.46,11.54,11.54,0.0,0.0,28381.34,32693.396
600290.SH,20170525,11.58,11.8,11.58,11.72,11.54,0.18,1.56,26085.0,30563.465
600290.SH,20170526,11.75,12.11,11.72,12.1,11.72,0.38,3.24,61417.24,73706.44
600290.SH,20170531,12.11,12.49,12.01,12.1,12.1,0.0,0.0,43073.3,52435.779
600290.SH,20170601,12.05,12.12,11.9,12.1,12.1,0.0,0.0,34322.27,41145.21
600290.SH,20170602,12.02,12.55,12.01,12.42,12.1,0.32,2.64,50530.32,62287.619
600290.SH,20170605,12.45,12.49,12.3,12.43,12.42,0.01,0.08,49018.23,60844.466
600290.SH,20170606,12.42,12.42,12.13,12.26,12.43,-0.17,-1.37,24253.44,29772.714
600290.SH,20170607,12.26,12.55,12.25,12.54,12.26,0.28,2.28,37392.24,46545.831
600290.SH,20170608,12.48,13.05,12.43,12.94,12.54,0.4,3.19,116250.96,149480.343
600290.SH,20170609,12.78,13.01,12.78,12.95,12.94,0.01,0.08,34007.86,44040.022
600290.SH,20170612,12.95,13.0,12.83,12.84,12.95,-0.11,-0.85,28106.12,36245.803
600290.SH,20170613,12.81,12.95,12.8,12.87,12.84,0.03,0.23,49640.08,63830.233
600290.SH,20170614,12.87,12.95,12.45,12.54,12.87,-0.33,-2.56,45362.02,57697.33
600290.SH,20170615,12.79,12.98,12.55,12.94,12.54,0.4,3.19,34020.03,43694.995
600290.SH,20170616,12.94,13.4,12.86,12.97,12.94,0.03,0.23,62851.68,82426.724
600290.SH,20170619,12.72,12.96,12.26,12.39,12.97,-0.58,-4.47,73700.57,92602.612
600290.SH,20170620,12.38,12.5,11.8,12.13,12.39,-0.26,-2.1,131995.47,158694.89
600290.SH,20170621,12.11,12.16,11.78,11.9,12.13,-0.23,-1.9,92054.68,110311.011
600290.SH,20170622,11.96,12.05,11.84,11.89,11.9,-0.01,-0.08,38799.36,46338.058
600290.SH,20170623,11.85,11.94,11.56,11.68,11.89,-0.21,-1.77,34704.02,40742.382
600290.SH,20170626,11.69,12.13,11.65,12.12,11.68,0.44,3.77,40816.58,48671.61
600290.SH,20170627,12.12,12.28,11.95,11.98,12.12,-0.14,-1.16,22147.01,26726.127
600290.SH,20170628,11.95,11.95,11.6,11.8,11.98,-0.18,-1.5,27853.5,32754.495
600290.SH,20170629,11.8,11.88,11.46,11.61,11.8,-0.19,-1.61,44176.77,51298.698
600290.SH,20170630,11.55,11.99,10.87,11.98,11.61,0.37,3.19,142383.0,162175.573
600290.SH,20170703,11.78,12.17,11.65,12.12,11.98,0.14,1.17,56411.02,67109.682
600290.SH,20170704,12.01,12.11,11.9,11.94,12.12,-0.18,-1.49,26227.0,31466.568
600290.SH,20170705,11.83,11.99,11.83,11.94,11.94,0.0,0.0,14514.17,17285.077
600290.SH,20170706,12.08,12.08,11.85,12.02,11.94,0.08,0.67,16102.27,19251.191
600290.SH,20170707,12.08,12.14,11.85,12.12,12.02,0.1,0.83,21302.12,25603.775
600290.SH,20170710,12.0,12.1,11.97,12.01,12.12,-0.11,-0.91,15520.5,18679.338
600290.SH,20170711,11.92,12.01,11.82,12.0,12.01,-0.01,-0.08,31504.1,37662.697
600290.SH,20170712,11.98,12.13,11.91,12.04,12.0,0.04,0.33,25815.46,31026.936
600290.SH,20170713,12.0,12.09,11.51,11.98,12.04,-0.06,-0.5,37524.72,44394.218
600290.SH,20170714,11.9,12.32,11.73,12.09,11.98,0.11,0.92,46681.0,56770.784
600290.SH,20170717,12.03,12.03,11.51,11.89,12.09,-0.2,-1.65,86610.02,102123.034
600290.SH,20170718,11.8,11.89,11.53,11.82,11.89,-0.07,-0.59,54682.37,63866.626
600290.SH,20170719,11.8,11.81,11.67,11.69,11.82,-0.13,-1.1,27631.0,32370.389
600290.SH,20170720,11.68,12.0,11.58,11.97,11.69,0.28,2.4,30981.0,36742.338
600290.SH,20170721,11.91,12.01,11.78,11.99,11.97,0.02,0.17,25816.44,30740.053
600290.SH,20170724,11.9,12.09,11.9,12.06,11.99,0.07,0.58,16234.5,19464.87
600290.SH,20170725,12.08,12.19,11.95,12.0,12.06,-0.06,-0.5,23590.03,28385.468
600290.SH,20170726,11.95,12.08,11.78,11.93,12.0,-0.07,-0.58,17325.0,20542.405
600290.SH,20170727,11.85,11.99,11.82,11.92,11.93,-0.01,-0.08,12252.0,14608.03
600290.SH,20170728,11.99,12.1,11.83,11.91,11.92,-0.01,-0.08,15831.0,18915.244
600290.SH,20170731,11.78,11.95,11.74,11.88,11.91,-0.03,-0.25,17112.0,20239.091
600290.SH,20170801,11.87,11.88,11.75,11.82,11.88,-0.06,-0.51,11577.6,13651.939
600290.SH,20170802,11.86,12.06,11.74,11.9,11.82,0.08,0.68,73179.99,87578.534
600290.SH,20170803,11.8,11.96,11.75,11.9,11.9,0.0,0.0,18027.06,21346.894
600290.SH,20170804,11.92,11.92,11.75,11.76,11.9,-0.14,-1.18,10546.0,12479.966
600290.SH,20170807,11.72,11.9,11.7,11.8,11.76,0.04,0.34,11911.0,14052.482
600290.SH,20170808,11.8,11.84,11.72,11.73,11.8,-0.07,-0.59,9350.0,10998.06
600290.SH,20170809,11.79,11.85,11.73,11.82,11.73,0.09,0.77,8955.76,10555.612
600290.SH,20170810,11.75,11.87,11.7,11.79,11.82,-0.03,-0.25,10426.07,12252.267
600290.SH,20170811,11.78,11.83,11.62,11.82,11.79,0.03,0.25,17038.81,19970.156
600290.SH,20170814,11.8,11.84,11.72,11.81,11.82,-0.01,-0.08,10857.51,12802.078
600290.SH,20170815,11.81,11.86,11.75,11.85,11.81,0.04,0.34,18884.53,22318.931
600290.SH,20170816,11.84,12.08,11.83,12.08,11.85,0.23,1.94,53427.59,64158.521
600290.SH,20170817,12.17,12.17,11.92,12.13,12.08,0.05,0.41,39867.04,48143.422
600290.SH,20170818,12.05,12.27,12.05,12.22,12.13,0.09,0.74,29554.23,35976.04
600290.SH,20170821,12.24,12.35,12.12,12.25,12.22,0.03,0.25,27076.04,33065.084
600290.SH,20170822,12.25,12.27,12.11,12.21,12.25,-0.04,-0.33,24049.0,29389.046
600290.SH,20170823,12.1,12.33,12.1,12.22,12.21,0.01,0.08,22289.05,27299.634
600290.SH,20170824,12.15,12.27,12.15,12.22,12.22,0.0,0.0,14870.03,18194.858
600290.SH,20170825,12.2,12.4,12.2,12.29,12.22,0.07,0.57,22454.0,27630.823
600290.SH,20170828,12.31,12.53,12.31,12.48,12.29,0.19,1.55,23828.11,29656.832
600290.SH,20170829,12.48,13.0,12.41,12.45,12.48,-0.03,-0.24,26890.5,34177.596
600290.SH,20170830,12.42,12.63,12.33,12.6,12.45,0.15,1.2,12906.2,16114.527
600290.SH,20170831,12.69,12.87,12.48,12.82,12.6,0.22,1.75,25571.78,32482.591
600290.SH,20170901,12.9,13.06,12.67,12.97,12.82,0.15,1.17,31610.44,40920.703
600290.SH,20170904,12.97,13.03,12.78,12.91,12.97,-0.06,-0.46,16787.09,21678.373
600290.SH,20170905,12.92,13.05,12.71,12.84,12.91,-0.07,-0.54,10692.0,13702.128
600290.SH,20170906,12.68,12.92,12.68,12.81,12.84,-0.03,-0.23,7412.0,9512.814
600290.SH,20170907,12.71,12.99,12.71,12.8,12.81,-0.01,-0.08,8967.03,11539.428
600290.SH,20170908,12.81,12.92,12.43,12.72,12.8,-0.08,-0.63,16119.95,20355.111
600290.SH,20170911,12.73,12.73,12.48,12.68,12.72,-0.04,-0.31,7880.5,9928.189
600290.SH,20170912,12.64,12.72,12.53,12.63,12.68,-0.05,-0.39,20390.02,25741.964
600290.SH,20170913,12.59,12.74,12.49,12.63,12.63,0.0,0.0,15638.01,19767.045
600290.SH,20170914,12.62,12.68,12.45,12.58,12.63,-0.05,-0.4,11258.14,14153.525
600290.SH,20170915,12.49,12.6,12.41,12.55,12.58,-0.03,-0.24,8572.0,10704.338
600290.SH,20170918,12.53,12.55,12.28,12.4,12.55,-0.15,-1.2,17689.0,21888.842
600290.SH,20170919,12.43,12.54,12.33,12.45,12.4,0.05,0.4,15387.92,19088.826
600290.SH,20170920,12.45,12.6,12.28,12.49,12.45,0.04,0.32,33952.93,42201.87
600290.SH,20170921,12.46,12.5,12.22,12.3,12.49,-0.19,-1.52,32490.59,40044.519
600290.SH,20170922,12.21,12.36,12.2,12.36,12.3,0.06,0.49,9916.03,12199.116
600290.SH,20170925,12.25,12.98,12.15,12.91,12.36,0.55,4.45,46729.85,58898.218
600290.SH,20170926,12.91,12.91,12.34,12.64,12.91,-0.27,-2.09,44403.78,55512.775
600290.SH,20170927,12.58,12.75,12.25,12.62,12.64,-0.02,-0.16,42374.52,52834.788
600290.SH,20170928,12.55,12.55,12.3,12.32,12.62,-0.3,-2.38,18959.28,23524.6
600290.SH,20170929,12.32,12.99,12.32,12.92,12.32,0.6,4.87,137744.48,176874.491
600290.SH,20171009,12.98,13.1,12.78,13.01,12.92,0.09,0.7,113736.0,147011.728
600290.SH,20171010,13.01,13.01,12.72,12.82,13.01,-0.19,-1.46,27298.74,34971.268
600290.SH,20171011,12.8,12.89,12.54,12.81,12.82,-0.01,-0.08,66922.61,85496.011
600290.SH,20171012,12.75,12.85,12.64,12.67,12.81,-0.14,-1.09,71535.0,91618.7
600290.SH,20171013,12.56,12.78,12.4,12.74,12.67,0.07,0.55,40475.69,50802.914
600290.SH,20171016,12.68,12.68,12.35,12.37,12.74,-0.37,-2.9,41721.0,52042.152
600290.SH,20171017,12.03,12.9,11.83,12.7,12.37,0.33,2.67,273918.74,344250.981
600290.SH,20171018,12.66,12.85,12.41,12.65,12.7,-0.05,-0.39,45430.22,57232.253
600290.SH,20171019,12.58,12.78,12.5,12.76,12.65,0.11,0.87,38435.0,48730.404
600290.SH,20171020,12.73,12.96,12.62,12.9,12.76,0.14,1.1,28362.65,36508.331
600290.SH,20171023,13.0,13.07,12.83,12.94,12.9,0.04,0.31,22186.02,28678.779
600290.SH,20171024,12.99,13.01,12.8,13.0,12.94,0.06,0.46,25898.71,33469.067
600290.SH,20171025,12.98,13.1,12.91,13.04,13.0,0.04,0.31,50817.44,65970.048
600290.SH,20171026,13.03,13.08,12.83,13.05,13.04,0.01,0.08,75709.48,98114.084
600290.SH,20171027,13.03,13.05,12.81,13.03,13.05,-0.02,-0.15,66724.83,86171.613
600290.SH,20171030,12.94,13.57,12.9,13.52,13.03,0.49,3.76,158481.79,208512.791
600290.SH,20171031,13.41,13.86,13.35,13.69,13.52,0.17,1.26,93079.19,127408.98
600290.SH,20171101,13.63,13.76,13.4,13.69,13.69,0.0,0.0,36656.39,50080.933
600290.SH,20171102,13.67,13.78,13.29,13.66,13.69,-0.03,-0.22,44557.53,60592.033
600290.SH,20171103,13.52,13.65,13.36,13.47,13.66,-0.19,-1.39,23349.9,31519.707
600290.SH,20171106,13.4,13.47,13.15,13.39,13.47,-0.08,-0.59,47177.56,62532.89
600290.SH,20171107,13.5,13.5,13.15,13.26,13.39,-0.13,-0.97,20453.53,27089.888
600290.SH,20171108,13.28,13.4,13.16,13.23,13.26,-0.03,-0.23,24396.61,32382.157
600290.SH,20171109,13.23,13.3,13.05,13.13,13.23,-0.1,-0.76,20857.09,27454.752
600290.SH,20171110,13.13,13.25,13.0,13.18,13.13,0.05,0.38,34524.32,45248.453
600290.SH,20171113,13.19,13.5,13.15,13.48,13.18,0.3,2.28,33978.59,45414.056
600290.SH,20171114,13.18,13.32,12.89,13.2,13.48,-0.28,-2.08,47968.06,62863.17
600290.SH,20171115,13.05,13.6,13.05,13.25,13.2,0.05,0.38,29053.96,38778.254
600290.SH,20171116,13.15,13.28,12.85,13.24,13.25,-0.01,-0.08,47277.93,61944.032
600290.SH,20171117,13.13,13.21,12.49,12.74,13.24,-0.5,-3.78,74138.01,96238.666
600290.SH,20171120,13.06,13.2,12.7,13.14,12.74,0.4,3.14,69280.17,90140.499
600290.SH,20171121,13.2,13.33,12.95,13.31,13.14,0.17,1.29,174700.02,229867.191
600290.SH,20171122,13.37,13.37,13.01,13.22,13.31,-0.09,-0.68,110413.12,145894.839
600290.SH,20171123,13.13,13.18,12.89,13.14,13.22,-0.08,-0.61,41972.0,54871.97
600290.SH,20171124,12.98,13.4,12.98,13.32,13.14,0.18,1.37,41613.0,55161.899
600290.SH,20171127,13.32,13.5,13.25,13.46,13.32,0.14,1.05,77580.5,103915.103
600290.SH,20171128,13.36,13.72,13.33,13.66,13.46,0.2,1.49,60188.77,81595.776
600290.SH,20171129,13.7,13.95,13.51,13.7,13.66,0.04,0.29,75905.52,103935.352
600290.SH,20171130,13.65,13.65,13.29,13.33,13.7,-0.37,-2.7,78867.87,105886.94
600290.SH,20171201,13.33,13.4,13.02,13.35,13.33,0.02,0.15,30339.0,40127.493
600290.SH,20171204,13.34,13.34,13.04,13.21,13.35,-0.14,-1.05,30541.39,40281.854
600290.SH,20171205,13.14,13.3,12.96,13.17,13.21,-0.04,-0.3,43132.0,56575.594
600290.SH,20171206,13.1,13.31,12.75,13.23,13.17,0.06,0.46,55099.58,71897.998
600290.SH,20171207,13.14,13.23,13.03,13.17,13.23,-0.06,-0.45,44204.52,58076.862
600290.SH,20171208,13.06,13.26,13.06,13.16,13.17,-0.01,-0.08,58513.8,77144.824
600290.SH,20171211,13.18,13.4,13.1,13.26,13.16,0.1,0.76,20383.5,26939.883
600290.SH,20171212,13.35,13.4,13.08,13.24,13.26,-0.02,-0.15,21101.0,27832.078
600290.SH,20171213,13.25,13.36,13.13,13.35,13.24,0.11,0.83,73569.01,97466.974
600290.SH,20171214,13.29,13.37,13.16,13.34,13.35,-0.01,-0.07,28775.86,38214.157
600290.SH,20171215,13.3,13.42,13.19,13.27,13.34,-0.07,-0.52,16770.0,22304.167
600290.SH,20171218,13.25,13.5,13.02,13.32,13.27,0.05,0.38,29124.64,38618.104
600290.SH,20171219,13.34,13.34,13.03,13.24,13.32,-0.08,-0.6,35108.01,46274.781
600290.SH,20171220,13.23,13.3,12.91,13.11,13.24,-0.13,-0.98,81376.02,106006.269
600290.SH,20171221,13.14,13.14,12.92,13.06,13.11,-0.05,-0.38,39884.22,51942.178
600290.SH,20171222,13.07,13.21,12.8,13.01,13.06,-0.05,-0.38,61451.0,80066.081
600290.SH,20171225,12.98,13.01,12.53,12.97,13.01,-0.04,-0.31,40921.0,52677.925
600290.SH,20171226,13.0,13.09,12.81,12.96,12.97,-0.01,-0.08,38523.53,49810.469
600290.SH,20171227,12.94,12.98,12.7,12.91,12.96,-0.05,-0.39,49938.99,64318.278
600290.SH,20171228,12.86,13.2,12.76,13.05,12.91,0.14,1.08,38231.29,49809.284
600290.SH,20171229,13.05,13.33,12.91,13.21,13.05,0.16,1.23,24861.18,32544.02
600290.SH,20180102,13.24,13.32,12.88,13.17,13.21,-0.04,-0.3,48311.78,63294.468
600290.SH,20180103,13.17,13.2,12.99,13.09,13.17,-0.08,-0.61,49408.75,64508.749
600290.SH,20180104,13.09,13.11,12.9,12.97,13.09,-0.12,-0.92,25227.21,32723.449
600290.SH,20180105,12.95,13.15,12.73,13.11,12.97,0.14,1.08,30210.31,39118.366
600290.SH,20180108,13.09,13.12,12.91,12.98,13.11,-0.13,-0.99,16068.04,20834.562
600290.SH,20180109,12.97,12.99,12.82,12.96,12.98,-0.02,-0.15,12240.02,15800.49
600290.SH,20180110,12.95,12.97,12.83,12.97,12.96,0.01,0.08,13485.51,17378.163
600290.SH,20180111,12.98,13.0,12.85,13.0,12.97,0.03,0.23,18871.05,24406.011
600290.SH,20180112,13.0,13.0,12.86,12.99,13.0,-0.01,-0.08,23216.0,30049.517
600290.SH,20180115,12.97,13.04,12.87,12.93,12.99,-0.06,-0.46,19374.55,25054.819
600290.SH,20180116,12.93,13.08,12.7,12.81,12.93,-0.12,-0.93,28587.07,36808.191
600290.SH,20180117,12.8,12.9,12.72,12.87,12.81,0.06,0.47,21238.04,27188.9
600290.SH,20180118,12.87,13.18,12.74,13.15,12.87,0.28,2.18,39649.57,51429.904
600290.SH,20180119,13.15,13.25,13.04,13.2,13.15,0.05,0.38,24662.66,32469.706
600290.SH,20180122,13.2,13.25,13.09,13.24,13.2,0.04,0.3,39860.51,52542.767
600290.SH,20180123,13.24,13.36,13.17,13.29,13.24,0.05,0.38,51483.29,68233.455
600290.SH,20180124,13.29,13.42,13.14,13.35,13.29,0.06,0.45,40626.21,53929.047
600290.SH,20180125,13.38,13.38,13.21,13.36,13.35,0.01,0.07,31373.67,41718.81
600290.SH,20180126,13.34,13.52,13.15,13.36,13.36,0.0,0.0,44353.38,59137.674
600290.SH,20180129,13.3,13.3,13.1,13.19,13.36,-0.17,-1.27,20506.0,27005.68
600290.SH,20180130,13.19,13.19,12.91,13.09,13.19,-0.1,-0.76,34278.5,44647.891
600290.SH,20180131,12.99,13.0,12.86,12.98,13.09,-0.11,-0.84,24863.82,32218.709
600290.SH,20180201,12.93,12.93,11.68,11.68,12.98,-1.3,-10.02,63544.0,80510.856
600290.SH,20180502,10.51,10.51,10.51,10.51,11.68,-1.17,-10.02,1133.0,1190.783
600290.SH,20180503,9.46,10.5,9.46,10.33,10.51,-0.18,-1.71,984469.74,938673.91
600290.SH,20180504,9.55,10.26,9.47,10.25,10.33,-0.08,-0.77,468770.86,460588.19
600290.SH,20180507,9.9,10.28,9.9,10.27,10.25,0.02,0.2,89171.21,90948.96
600290.SH,20180508,10.25,10.67,10.18,10.52,10.27,0.25,2.43,71005.24,73810.773
600290.SH,20180509,10.52,10.88,10.4,10.77,10.52,0.25,2.38,32143.1,34345.152
600290.SH,20180510,10.8,11.07,10.8,11.0,10.77,0.23,2.14,45890.52,50286.507
600290.SH,20180511,11.01,11.18,10.78,11.14,11.0,0.14,1.27,39702.0,43934.228
600290.SH,20180514,11.1,11.4,11.0,11.17,11.14,0.03,0.27,22170.41,24782.134
600290.SH,20180515,11.24,11.28,10.98,11.08,11.17,-0.09,-0.81,33614.26,37132.276
600290.SH,20180516,11.18,11.18,11.02,11.14,11.08,0.06,0.54,17591.11,19551.717
600290.SH,20180517,11.05,11.15,11.01,11.15,11.14,0.01,0.09,19175.02,21271.029
600290.SH,20180518,11.02,11.27,11.02,11.16,11.15,0.01,0.09,9486.62,10601.372
600290.SH,20180521,11.17,11.42,11.17,11.22,11.16,0.06,0.54,30531.18,34320.824
600290.SH,20180522,11.2,11.2,11.13,11.17,11.22,-0.05,-0.45,33164.83,37028.558
600290.SH,20180523,11.19,11.19,11.06,11.17,11.17,0.0,0.0,35562.02,39537.132
600290.SH,20180524,11.17,11.21,11.06,11.18,11.17,0.01,0.09,35745.02,39812.41
600290.SH,20180525,11.08,11.19,11.08,11.16,11.18,-0.02,-0.18,10110.78,11267.772
600290.SH,20180528,11.09,11.2,11.04,11.16,11.16,0.0,0.0,25220.21,27956.811
600290.SH,20180529,11.16,11.19,11.04,11.18,11.16,0.02,0.18,23326.97,25964.945
600290.SH,20180530,11.17,11.32,11.09,11.19,11.18,0.01,0.09,28834.01,32231.719
600290.SH,20180531,11.18,11.23,11.07,11.08,11.19,-0.11,-0.98,42077.0,46777.962
600290.SH,20180601,11.06,11.1,11.04,11.05,11.08,-0.03,-0.27,46563.25,51598.851
600290.SH,20180604,11.05,11.05,10.83,10.99,11.05,-0.06,-0.54,41199.47,45007.167
600290.SH,20180605,10.98,11.03,10.81,10.88,10.99,-0.11,-1.0,19726.14,21487.462
600290.SH,20180606,10.87,11.11,10.54,11.04,10.88,0.16,1.47,49894.94,53587.711
600290.SH,20180607,11.08,11.09,10.8,10.94,11.04,-0.1,-0.91,32031.0,35252.33
600290.SH,20180608,10.92,10.92,10.71,10.73,10.94,-0.21,-1.92,5857.0,6296.786
600290.SH,20180611,10.66,10.74,10.49,10.66,10.73,-0.07,-0.65,31830.0,33854.101
600290.SH,20180612,10.6,11.12,10.56,11.05,10.66,0.39,3.66,40072.09,42926.261
600290.SH,20180613,10.98,11.07,10.75,10.95,11.05,-0.1,-0.91,48612.52,52938.018
600290.SH,20180614,10.95,10.95,10.66,10.87,10.95,-0.08,-0.73,24454.5,26342.372
600290.SH,20180615,10.81,10.83,9.78,9.78,10.87,-1.09,-10.03,14453.0,14827.949
600290.SH,20180619,9.78,9.99,8.83,9.83,9.78,0.05,0.51,269944.15,263703.162
600290.SH,20180620,9.82,10.1,9.68,10.05,9.83,0.22,2.24,129173.44,127139.381
600290.SH,20180621,10.04,10.11,9.94,10.07,10.05,0.02,0.2,74942.0,74927.792
600290.SH,20180622,10.07,10.15,9.8,10.09,10.07,0.02,0.2,92293.01,92316.831
600290.SH,20180625,10.15,10.17,10.03,10.09,10.07,0.02,0.2,35997.36,36280.807
600290.SH,20180626,10.09,10.17,10.05,10.14,10.09,0.05,0.5,28415.37,28788.681
600290.SH,20180627,10.14,10.28,10.06,10.13,10.14,-0.01,-0.1,35270.0,35676.258
600290.SH,20180628,10.05,10.13,10.01,10.07,10.13,-0.06,-0.59,38956.0,39129.171
600290.SH,20180629,10.06,10.31,10.04,10.29,10.07,0.22,2.18,13034.0,13235.471
600290.SH,20180702,10.29,10.31,10.18,10.23,10.29,-0.06,-0.58,41909.11,42984.779
600290.SH,20180703,10.23,10.4,10.09,10.24,10.23,0.01,0.1,35346.17,35989.825
600290.SH,20180704,10.25,10.25,9.9,10.05,10.24,-0.19,-1.86,69597.02,69732.322
600290.SH,20180705,9.05,9.05,9.05,9.05,10.05,-1.0,-9.95,24699.0,22352.595
600290.SH,20180706,8.15,8.15,8.15,8.15,9.05,-0.9,-9.94,4954.0,4037.51
600290.SH,20180709,7.34,7.34,7.34,7.34,8.15,-0.81,-9.94,8165.0,5993.11
600290.SH,20180710,6.61,6.61,6.61,6.61,7.34,-0.73,-9.95,2665.0,1761.565
600290.SH,20180711,5.95,5.95,5.95,5.95,6.61,-0.66,-9.98,4599.0,2736.405
600290.SH,20180712,5.36,6.36,5.36,6.26,5.95,0.31,5.21,1588966.12,874155.953
600290.SH,20180713,5.66,5.84,5.63,5.63,6.26,-0.63,-10.06,869860.0,495491.441
600290.SH,20180716,5.45,5.53,5.11,5.28,5.63,-0.35,-6.22,604395.89,319726.029
600290.SH,20180717,5.25,5.43,5.22,5.31,5.28,0.03,0.57,494799.3,263333.814
600290.SH,20180718,5.34,5.41,5.24,5.31,5.31,0.0,0.0,441051.52,234481.08
600290.SH,20180719,5.28,5.3,4.92,4.99,5.31,-0.32,-6.03,447245.38,227539.439
600290.SH,20180720,5.03,5.07,4.93,5.01,4.99,0.02,0.4008,288593.56,144569.598
600290.SH,20180723,4.97,5.15,4.93,5.1,5.01,0.09,1.7964,366132.49,186002.992
600290.SH,20180724,5.1,5.23,5.04,5.21,5.1,0.11,2.1569,287164.69,147958.71
600290.SH,20180725,5.2,5.27,5.13,5.18,5.21,-0.03,-0.5758,213854.85,110829.13
600290.SH,20180726,5.2,5.45,5.19,5.39,5.18,0.21,4.0541,425610.88,226762.653
600290.SH,20180727,5.38,5.38,5.15,5.18,5.39,-0.21,-3.8961,265313.0,138967.812
600290.SH,20180730,5.14,5.17,4.98,5.02,5.18,-0.16,-3.0888,178048.85,90229.76
600290.SH,20180731,5.01,5.08,4.99,5.07,5.02,0.05,0.996,98571.0,49785.628
600290.SH,20180801,5.08,5.09,4.85,4.86,5.07,-0.21,-4.142,141090.1,70339.35
600290.SH,20180802,4.88,4.89,4.37,4.42,4.86,-0.44,-9.0535,379458.15,169839.124
600290.SH,20180803,4.41,4.5,4.38,4.39,4.42,-0.03,-0.6787,173107.5,76761.961
600290.SH,20180806,4.33,4.38,4.06,4.14,4.39,-0.25,-5.6948,186581.0,78910.897
600290.SH,20180807,4.18,4.31,4.12,4.27,4.14,0.13,3.1401,154058.0,65026.885
600290.SH,20180808,4.27,4.29,4.12,4.16,4.27,-0.11,-2.5761,138730.0,58508.179
600290.SH,20180809,4.15,4.27,4.12,4.24,4.16,0.08,1.9231,239454.0,100873.405
600290.SH,20180810,4.21,4.32,4.18,4.26,4.24,0.02,0.4717,185003.46,78405.359
600290.SH,20180813,4.19,4.21,4.06,4.18,4.26,-0.08,-1.8779,160446.0,66370.775
600290.SH,20180814,4.16,4.26,4.15,4.24,4.18,0.06,1.4354,158073.0,66731.917
600290.SH,20180815,4.24,4.25,4.07,4.09,4.24,-0.15,-3.5377,146568.0,60659.569
600290.SH,20180816,4.04,4.06,3.94,3.98,4.09,-0.11,-2.6895,146802.0,58713.092
600290.SH,20180817,4.02,4.04,3.79,3.81,3.98,-0.17,-4.2714,136619.46,53653.466
600290.SH,20180820,3.8,3.85,3.7,3.79,3.81,-0.02,-0.5249,142024.0,53511.237
600290.SH,20180821,3.79,3.83,3.76,3.81,3.79,0.02,0.5277,89607.0,34024.776
600290.SH,20180822,3.8,3.95,3.76,3.82,3.81,0.01,0.2625,161309.06,62051.09
600290.SH,20180823,3.79,3.86,3.78,3.82,3.82,0.0,0.0,100756.04,38500.397
600290.SH,20180824,3.82,3.93,3.78,3.88,3.82,0.06,1.5707,124562.5,48140.062
600290.SH,20180827,3.87,3.95,3.84,3.92,3.88,0.04,1.0309,113986.51,44485.734
600290.SH,20180828,3.93,3.97,3.85,3.88,3.92,-0.04,-1.0204,161783.48,63123.163
600290.SH,20180829,3.88,3.88,3.79,3.83,3.88,-0.05,-1.2887,141353.46,54069.92
600290.SH,20180830,3.83,3.86,3.75,3.77,3.83,-0.06,-1.5666,119306.47,45379.041
600290.SH,20180831,3.76,3.76,3.66,3.7,3.77,-0.07,-1.8568,125006.35,46418.401
600290.SH,20180903,3.7,3.98,3.66,3.83,3.7,0.13,3.5135,264054.46,100447.017
600290.SH,20180904,3.83,4.11,3.82,4.03,3.83,0.2,5.2219,380009.66,151237.503
600290.SH,20180905,4.0,4.35,3.96,4.15,4.03,0.12,2.9777,462876.2,193251.16
600290.SH,20180906,4.09,4.17,3.98,4.02,4.15,-0.13,-3.1325,279079.85,113212.519
600290.SH,20180907,4.0,4.38,3.99,4.3,4.02,0.28,6.9652,458064.06,192094.453
600290.SH,20180910,4.23,4.6,4.2,4.33,4.3,0.03,0.6977,514400.67,225661.361
600290.SH,20180911,4.33,4.34,4.11,4.29,4.33,-0.04,-0.9238,259523.01,109733.955
600290.SH,20180912,4.29,4.49,4.21,4.26,4.29,-0.03,-0.6993,278967.22,121178.303
600290.SH,20180913,4.31,4.32,4.16,4.29,4.26,0.03,0.7042,221194.07,93559.837
600290.SH,20180914,4.26,4.27,4.08,4.11,4.29,-0.18,-4.1958,188789.47,78781.27
600290.SH,20180917,4.08,4.19,3.7,4.16,4.11,0.05,1.2165,174026.39,70886.67
600290.SH,20180918,4.21,4.29,4.15,4.26,4.16,0.1,2.4038,218672.75,92566.796
600290.SH,20180919,4.23,4.3,4.19,4.24,4.26,-0.02,-0.4695,193810.31,82286.523
600290.SH,20180920,4.25,4.43,4.21,4.32,4.24,0.08,1.8868,281231.46,121492.502
600290.SH,20180921,4.28,4.41,4.28,4.33,4.32,0.01,0.2315,222532.73,96424.984
600290.SH,20180925,4.3,4.3,4.19,4.22,4.33,-0.11,-2.5404,162832.02,69001.632
600290.SH,20180926,4.22,4.26,4.2,4.22,4.22,0.0,0.0,123507.95,52286.827
600290.SH,20180927,4.22,4.58,4.16,4.44,4.22,0.22,5.2133,471641.72,207856.826
600290.SH,20180928,4.37,4.4,4.3,4.38,4.44,-0.06,-1.3514,218657.0,95125.465
600290.SH,20181008,4.27,4.3,4.0,4.03,4.38,-0.35,-7.9909,193655.0,80799.834
600290.SH,20181009,4.06,4.12,4.02,4.1,4.03,0.07,1.737,103781.95,42267.264
600290.SH,20181010,4.1,4.15,4.05,4.1,4.1,0.0,0.0,85020.0,34899.777
600290.SH,20181011,3.9,3.96,3.69,3.69,4.1,-0.41,-10.0,182690.21,69383.607
600290.SH,20181012,3.59,3.66,3.33,3.55,3.69,-0.14,-3.794,164871.1,57920.364
600290.SH,20181015,3.53,3.6,3.4,3.43,3.55,-0.12,-3.3803,104720.0,36737.831
600290.SH,20181016,3.45,3.66,3.42,3.53,3.43,0.1,2.9155,120119.0,42166.816
600290.SH,20181017,3.56,3.65,3.41,3.55,3.53,0.02,0.5666,114313.0,40400.605
600290.SH,20181018,3.51,3.51,3.25,3.3,3.55,-0.25,-7.0423,121415.01,41078.703
600290.SH,20181019,3.25,3.38,3.15,3.36,3.3,0.06,1.8182,106125.0,34966.79
600290.SH,20181022,3.42,3.61,3.39,3.55,3.36,0.19,5.6548,159137.11,56038.118
600290.SH,20181023,3.54,3.68,3.5,3.54,3.55,-0.01,-0.2817,166444.81,59710.354
600290.SH,20181024,3.51,3.66,3.51,3.61,3.54,0.07,1.9774,155478.0,55792.954
600290.SH,20181025,3.5,3.62,3.41,3.62,3.61,0.01,0.277,135294.82,47581.738
600290.SH,20181026,3.64,3.7,3.56,3.6,3.62,-0.02,-0.5525,108017.02,39157.499
600290.SH,20181029,3.6,3.6,3.5,3.54,3.6,-0.06,-1.6667,73301.0,26037.793
600290.SH,20181030,3.54,3.63,3.49,3.58,3.54,0.04,1.1299,84564.74,30178.557
600290.SH,20181031,3.61,3.74,3.6,3.67,3.58,0.09,2.514,149129.01,54786.833
600290.SH,20181101,3.69,3.75,3.67,3.68,3.67,0.01,0.2725,118818.0,44076.638
600290.SH,20181102,3.73,3.88,3.71,3.78,3.68,0.1,2.7174,154367.11,58235.899
600290.SH,20181105,3.79,4.16,3.77,4.16,3.78,0.38,10.0529,172810.0,69855.515
600290.SH,20181106,4.35,4.58,4.19,4.58,4.16,0.42,10.0962,643978.28,291371.827
600290.SH,20181107,5.04,5.04,4.62,5.04,4.58,0.46,10.0437,920237.2,456041.932
600290.SH,20181108,5.0,5.54,4.81,5.4,5.04,0.36,7.1429,1216576.77,655980.996
600290.SH,20181109,5.1,5.49,4.9,5.47,5.4,0.07,1.2963,1073569.34,552637.568
600290.SH,20181112,5.33,5.8,5.12,5.34,5.47,-0.13,-2.3766,978409.74,530479.24
600290.SH,20181113,5.12,5.46,5.09,5.27,5.34,-0.07,-1.3109,947263.88,498413.488
600290.SH,20181114,5.16,5.64,4.95,5.52,5.27,0.25,4.7438,1022257.78,535782.614
600290.SH,20181115,5.37,5.98,5.31,5.71,5.52,0.19,3.442,1191427.58,676741.055
600290.SH,20181116,5.63,6.28,5.6,6.28,5.71,0.57,9.9825,680610.17,399404.654
600290.SH,20181119,6.45,6.91,5.83,5.96,6.28,-0.32,-5.0955,1413111.83,916054.248
600290.SH,20181120,5.75,5.82,5.36,5.36,5.96,-0.6,-10.0671,1013512.66,550867.875
600290.SH,20181121,5.16,5.31,5.03,5.23,5.36,-0.13,-2.4254,727658.07,376311.723
600290.SH,20181122,5.22,5.23,5.07,5.14,5.23,-0.09,-1.7208,423876.73,218343.075
600290.SH,20181123,5.03,5.09,4.65,4.67,5.14,-0.47,-9.144,614594.09,297752.053
600290.SH,20181126,4.69,4.79,4.65,4.73,4.67,0.06,1.2848,317217.92,149794.683
600290.SH,20181127,4.8,4.83,4.62,4.8,4.73,0.07,1.4799,430304.56,203705.333
600290.SH,20181128,4.75,4.8,4.56,4.78,4.8,-0.02,-0.4167,397678.0,186486.186
600290.SH,20181129,4.78,4.82,4.57,4.59,4.78,-0.19,-3.9749,363723.57,171986.328
600290.SH,20181130,4.55,4.61,4.38,4.56,4.59,-0.03,-0.6536,304688.82,137618.025
600290.SH,20181203,4.7,4.81,4.62,4.68,4.56,0.12,2.6316,432625.79,204152.458
600290.SH,20181204,4.67,4.95,4.65,4.95,4.68,0.27,5.7692,614153.05,297439.179
600290.SH,20181205,4.74,4.8,4.61,4.62,4.95,-0.33,-6.6667,504452.87,237347.814
600290.SH,20181206,4.57,4.75,4.47,4.75,4.62,0.13,2.8139,399157.24,184566.267
600290.SH,20181207,4.75,4.77,4.63,4.67,4.75,-0.08,-1.6842,248332.74,116646.339
600290.SH,20181210,4.57,4.66,4.53,4.56,4.67,-0.11,-2.3555,155853.01,71467.146
600290.SH,20181211,4.6,4.67,4.58,4.63,4.56,0.07,1.5351,179858.19,83200.413
600290.SH,20181212,4.65,4.76,4.57,4.69,4.63,0.06,1.2959,247219.05,114943.788
600290.SH,20181213,4.7,4.74,4.61,4.65,4.69,-0.04,-0.8529,208564.55,97438.642
600290.SH,20181214,4.66,4.67,4.19,4.22,4.65,-0.43,-9.2473,371419.11,164203.736
600290.SH,20181217,4.14,4.35,4.14,4.28,4.22,0.06,1.4218,250925.03,106847.447
600290.SH,20181218,4.34,4.71,4.3,4.71,4.28,0.43,10.0467,606939.13,277336.057
600290.SH,20181219,4.86,5.17,4.77,4.85,4.71,0.14,2.9724,1134315.46,560913.233
600290.SH,20181220,4.86,5.1,4.85,4.89,4.85,0.04,0.8247,796242.32,395026.11
600290.SH,20181221,4.97,5.28,4.82,5.15,4.89,0.26,5.317,955316.8,484196.852
600290.SH,20181224,5.04,5.09,4.64,4.7,5.15,-0.45,-8.7379,753858.01,361890.07
600290.SH,20181225,4.53,4.67,4.3,4.62,4.7,-0.08,-1.7021,557825.02,251754.316
600290.SH,20181226,4.68,5.08,4.66,5.08,4.62,0.46,9.9567,566271.45,278182.356
600290.SH,20181227,5.31,5.31,4.76,4.78,5.08,-0.3,-5.9055,874481.75,436821.38
600290.SH,20181228,4.85,4.93,4.56,4.64,4.78,-0.14,-2.9289,527458.77,250621.725
600290.SH,20190102,4.6,4.96,4.56,4.75,4.64,0.11,2.3707,603651.87,289550.7
600290.SH,20190103,4.74,5.08,4.7,4.91,4.75,0.16,3.3684,807470.9,397619.491
600290.SH,20190104,4.73,5.25,4.51,5.08,4.91,0.17,3.4623,900218.59,444462.477
600290.SH,20190107,5.08,5.59,4.93,5.45,5.08,0.37,7.2835,1158356.48,614633.989
600290.SH,20190108,5.33,5.43,5.19,5.26,5.45,-0.19,-3.4862,845022.96,446397.142
600290.SH,20190109,5.25,5.58,5.21,5.3,5.26,0.04,0.7605,927650.61,501412.462
600290.SH,20190110,5.3,5.78,5.22,5.54,5.3,0.24,4.5283,1017373.06,558143.182
600290.SH,20190111,5.48,5.53,5.32,5.43,5.54,-0.11,-1.9856,592244.57,320712.259
600290.SH,20190114,5.37,5.56,5.27,5.41,5.43,-0.02,-0.3683,470576.06,254575.631
600290.SH,20190115,5.36,5.7,5.33,5.59,5.41,0.18,3.3272,669414.17,368614.477
600290.SH,20190116,5.56,5.96,5.46,5.9,5.59,0.31,5.5456,930428.94,528414.364
600290.SH,20190117,5.9,6.3,5.7,5.98,5.9,0.08,1.3559,1212511.14,727414.52
600290.SH,20190118,5.86,6.13,5.61,5.7,5.98,-0.28,-4.6823,797087.71,466416.842
600290.SH,20190121,5.65,5.75,5.47,5.55,5.7,-0.15,-2.6316,513280.59,286158.438
600290.SH,20190122,5.53,5.61,5.33,5.41,5.55,-0.14,-2.5225,491932.59,268088.573
600290.SH,20190123,5.38,5.51,5.33,5.49,5.41,0.08,1.4787,394856.55,214351.964
600290.SH,20190124,5.5,5.5,5.27,5.29,5.49,-0.2,-3.643,358305.11,192635.699
600290.SH,20190125,5.25,5.26,4.92,4.93,5.29,-0.36,-6.8053,538503.65,273094.226
600290.SH,20190128,4.99,5.08,4.88,4.94,4.93,0.01,0.2028,288188.05,143953.792
600290.SH,20190129,4.91,4.97,4.45,4.59,4.94,-0.35,-7.085,397594.75,183274.596
600290.SH,20190130,4.57,4.65,4.31,4.34,4.59,-0.25,-5.4466,311261.43,138701.426
600290.SH,20190131,4.11,4.32,3.91,3.97,4.34,-0.37,-8.5253,401811.68,164759.022
600290.SH,20190201,4.09,4.29,4.04,4.23,3.97,0.26,6.5491,304164.64,127159.004
600290.SH,20190211,4.25,4.47,4.25,4.43,4.23,0.2,4.7281,293742.42,129159.81
600290.SH,20190212,4.52,4.62,4.45,4.54,4.43,0.11,2.4831,357409.33,161651.726
600290.SH,20190213,4.52,4.59,4.44,4.57,4.54,0.03,0.6608,348338.19,157900.736
600290.SH,20190214,4.55,4.83,4.49,4.67,4.57,0.1,2.1882,431714.1,202449.065
600290.SH,20190215,4.66,4.66,4.56,4.61,4.67,-0.06,-1.2848,273685.0,126254.386
600290.SH,20190218,4.62,4.78,4.62,4.77,4.61,0.16,3.4707,380661.89,179866.251
600290.SH,20190219,4.77,5.03,4.74,5.0,4.77,0.23,4.8218,584483.8,284153.815
600290.SH,20190220,4.98,4.98,4.83,4.91,5.0,-0.09,-1.8,358004.78,175315.854
600290.SH,20190221,4.93,5.08,4.85,4.92,4.91,0.01,0.2037,462669.96,229548.383
600290.SH,20190222,4.85,5.16,4.84,5.1,4.92,0.18,3.6585,568459.43,286857.024
600290.SH,20190225,5.17,5.56,5.07,5.38,5.1,0.28,5.4902,730282.61,384908.788
600290.SH,20190226,5.37,5.57,5.14,5.29,5.38,-0.09,-1.6729,769819.8,409907.127
600290.SH,20190227,5.26,5.38,5.22,5.36,5.29,0.07,1.3233,538699.15,286253.33
600290.SH,20190228,5.35,5.38,5.09,5.16,5.36,-0.2,-3.7313,476142.13,249631.717
600290.SH,20190301,5.2,5.23,5.06,5.15,5.16,-0.01,-0.1938,371760.42,191200.204
600290.SH,20190304,5.19,5.38,5.17,5.25,5.15,0.1,1.9417,562815.19,297070.971
600290.SH,20190305,5.28,5.46,5.24,5.46,5.25,0.21,4.0,659197.39,355070.593
600290.SH,20190306,5.48,5.79,5.34,5.69,5.46,0.23,4.2125,890452.75,494506.788
600290.SH,20190307,5.63,5.88,5.57,5.77,5.69,0.08,1.406,760293.15,434048.247
600290.SH,20190308,5.58,5.75,5.19,5.23,5.77,-0.54,-9.3588,643716.22,354634.4
600290.SH,20190311,5.36,5.75,5.27,5.75,5.23,0.52,9.9426,327071.5,183138.934
600290.SH,20190312,6.33,6.33,6.15,6.33,5.75,0.58,10.087,490406.4,309990.883
600290.SH,20190313,6.5,6.96,6.34,6.96,6.33,0.63,9.9526,2076923.12,1400705.108
600290.SH,20190314,6.55,7.66,6.26,7.66,6.96,0.7,10.0575,1795345.96,1211846.33
600290.SH,20190315,8.43,8.43,8.42,8.43,7.66,0.77,10.0522,542548.18,457367.256
600290.SH,20190318,9.0,9.27,8.0,8.83,8.43,0.4,4.745,2167972.05,1881654.45
600290.SH,20190319,7.96,8.58,7.96,8.11,8.83,-0.72,-8.154,1446234.01,1194392.807
600290.SH,20190320,7.89,8.36,7.42,8.09,8.11,-0.02,-0.2466,1364091.76,1071138.724
600290.SH,20190321,7.88,8.68,7.79,8.05,8.09,-0.04,-0.4944,1401999.67,1161464.635
600290.SH,20190322,7.85,7.98,7.6,7.77,8.05,-0.28,-3.4783,890864.22,693857.033
600290.SH,20190325,7.44,7.46,7.11,7.22,7.77,-0.55,-7.0785,784774.31,573063.163
600290.SH,20190326,7.24,7.35,7.0,7.06,7.22,-0.16,-2.2161,481590.69,343725.734
600290.SH,20190327,7.13,7.18,6.81,6.93,7.06,-0.13,-1.8414,459976.64,319835.434
600290.SH,20190328,6.85,6.95,6.57,6.59,6.93,-0.34,-4.9062,507281.05,342203.512
600290.SH,20190329,6.62,6.74,6.35,6.71,6.59,0.12,1.8209,539600.15,356138.883
600290.SH,20190401,6.76,7.23,6.73,7.16,6.71,0.45,6.7064,733043.3,512044.918
600290.SH,20190402,7.18,7.78,6.98,7.47,7.16,0.31,4.3296,981076.31,718668.988
600290.SH,20190403,7.3,7.41,7.14,7.29,7.47,-0.18,-2.4096,516251.36,376127.484
600290.SH,20190404,7.33,7.49,7.18,7.33,7.29,0.04,0.5487,537472.98,394719.042
600290.SH,20190408,7.34,7.38,6.9,6.99,7.33,-0.34,-4.6385,496089.83,352248.133
600290.SH,20190409,6.99,7.17,6.81,7.05,6.99,0.06,0.8584,350475.02,246354.537
600290.SH,20190410,6.99,7.01,6.83,6.9,7.05,-0.15,-2.1277,319416.85,220631.261
600290.SH,20190411,6.97,7.4,6.86,7.18,6.9,0.28,4.058,665469.51,475599.156
600290.SH,20190412,7.15,7.16,6.91,6.96,7.18,-0.22,-3.0641,340755.03,238355.104
600290.SH,20190415,7.02,7.15,6.6,6.63,6.96,-0.33,-4.7414,401728.92,276350.107
600290.SH,20190416,6.63,6.77,6.38,6.77,6.63,0.14,2.1116,362938.92,238384.774
600290.SH,20190417,6.78,6.87,6.68,6.71,6.77,-0.06,-0.8863,317665.86,215344.256
600290.SH,20190418,6.7,6.72,6.58,6.61,6.71,-0.1,-1.4903,249774.0,165948.105
600290.SH,20190419,6.66,6.75,6.58,6.72,6.61,0.11,1.6641,305690.62,204430.526
600290.SH,20190422,6.77,6.79,6.46,6.5,6.72,-0.22,-3.2738,287186.01,189641.99
600290.SH,20190423,6.46,6.84,6.13,6.75,6.5,0.25,3.8462,539534.27,354729.276
600290.SH,20190424,6.71,6.99,6.51,6.85,6.75,0.1,1.4815,452037.15,305153.202
600290.SH,20190425,6.8,6.97,6.54,6.6,6.85,-0.25,-3.6496,424557.5,290419.045
600290.SH,20190426,6.45,6.58,6.22,6.25,6.6,-0.35,-5.303,287432.5,184239.424
600290.SH,20190429,6.23,6.28,5.63,5.71,6.25,-0.54,-8.64,338387.63,199167.947
600290.SH,20190430,5.67,5.85,5.62,5.75,5.71,0.04,0.7005,165926.53,95488.882
600290.SH,20190506,5.63,5.63,5.18,5.18,5.75,-0.57,-9.913,247695.24,132523.061
600290.SH,20190507,5.18,5.35,5.17,5.25,5.18,0.07,1.3514,190291.96,100042.277
600290.SH,20190508,5.08,5.4,5.02,5.34,5.25,0.09,1.7143,212699.59,112561.942
600290.SH,20190509,5.34,5.52,5.24,5.31,5.34,-0.03,-0.5618,180926.01,97403.56
600290.SH,20190510,5.38,5.5,5.2,5.47,5.31,0.16,3.0132,236248.35,127796.795
600290.SH,20190513,5.48,5.58,5.42,5.51,5.47,0.04,0.7313,218269.95,120154.217
600290.SH,20190514,5.45,5.93,5.43,5.74,5.51,0.23,4.1742,442758.03,254183.729
600290.SH,20190515,5.71,5.81,5.64,5.71,5.74,-0.03,-0.5226,329764.69,188121.685
600290.SH,20190516,5.67,5.8,5.67,5.71,5.71,0.0,0.0,197991.22,113312.067
600290.SH,20190517,5.71,5.72,5.26,5.35,5.71,-0.36,-6.3047,267451.63,147444.166
600290.SH,20190520,5.46,5.6,5.33,5.54,5.35,0.19,3.5514,205728.85,112686.138
600290.SH,20190521,5.49,5.7,5.48,5.67,5.54,0.13,2.3466,182712.29,103048.28
600290.SH,20190522,5.68,5.74,5.53,5.6,5.67,-0.07,-1.2346,176480.54,99772.208
600290.SH,20190523,5.56,5.77,5.49,5.6,5.6,0.0,0.0,229284.76,129005.971
600290.SH,20190524,5.54,5.61,5.48,5.49,5.6,-0.11,-1.9643,121746.53,67340.621
600290.SH,20190527,5.68,6.04,5.61,5.91,5.49,0.42,7.6503,652135.67,387036.594
600290.SH,20190528,5.75,5.86,5.66,5.72,5.91,-0.19,-3.2149,570122.09,327114.757
600290.SH,20190529,5.67,5.7,5.56,5.58,5.72,-0.14,-2.4476,258490.83,145364.825
600290.SH,20190530,5.53,5.57,5.36,5.42,5.58,-0.16,-2.8674,210786.43,114338.811
600290.SH,20190531,5.45,5.57,5.35,5.38,5.42,-0.04,-0.738,166335.0,90836.705
600290.SH,20190603,5.38,5.43,5.15,5.21,5.38,-0.17,-3.1599,175988.37,92549.989
600290.SH,20190604,5.19,5.29,5.09,5.13,5.21,-0.08,-1.5355,145766.63,75560.745
600290.SH,20190605,5.19,5.26,5.11,5.18,5.13,0.05,0.9747,128680.84,66673.042
600290.SH,20190606,5.41,5.52,5.16,5.18,5.18,0.0,0.0,228290.2,121072.556
600290.SH,20190610,5.05,5.13,5.01,5.07,5.18,-0.11,-2.1236,168441.0,85241.066
600290.SH,20190611,5.02,5.25,5.02,5.24,5.07,0.17,3.3531,201795.58,104391.123
600290.SH,20190612,5.24,5.26,5.11,5.13,5.24,-0.11,-2.0992,181892.66,94242.788
600290.SH,20190613,5.13,5.19,5.06,5.16,5.13,0.03,0.5848,131286.47,67438.241
600290.SH,20190614,5.16,5.2,5.02,5.03,5.16,-0.13,-2.5194,154584.69,78693.385
600290.SH,20190617,5.02,5.03,4.67,4.77,5.03,-0.26,-5.169,216911.03,104068.054
600290.SH,20190618,4.77,4.78,4.61,4.67,4.77,-0.1,-2.0964,123844.75,57891.53
600290.SH,20190619,4.77,4.81,4.71,4.71,4.67,0.04,0.8565,125470.04,59534.075
600290.SH,20190620,4.72,4.93,4.7,4.92,4.71,0.21,4.4586,243121.67,117247.566
600290.SH,20190621,4.94,5.08,4.93,5.06,4.92,0.14,2.8455,218326.51,109613.696
600290.SH,20190624,5.04,5.15,5.04,5.1,5.06,0.04,0.7905,147323.04,75067.014
600290.SH,20190625,5.13,5.24,5.02,5.17,5.1,0.07,1.3725,208570.0,107350.166
600290.SH,20190626,5.16,5.22,5.06,5.16,5.17,-0.01,-0.1934,133999.0,69246.907
600290.SH,20190627,5.21,5.29,5.17,5.2,5.16,0.04,0.7752,130253.0,67890.914
600290.SH,20190628,5.27,5.27,5.12,5.2,5.2,0.0,0.0,202586.73,105549.787
600290.SH,20190701,5.36,5.71,5.19,5.3,5.2,0.1,1.9231,534238.12,288136.104
600290.SH,20190702,5.22,5.25,5.1,5.13,5.3,-0.17,-3.2075,225621.2,116280.5
600290.SH,20190703,5.11,5.13,4.97,5.0,5.13,-0.13,-2.5341,149267.99,74999.99
600290.SH,20190704,4.99,5.11,4.9,5.11,5.0,0.11,2.2,216067.71,108894.288
600290.SH,20190705,5.11,5.19,5.02,5.06,5.11,-0.05,-0.9785,245207.8,125193.43
600290.SH,20190708,5.01,5.01,4.75,4.76,5.06,-0.3,-5.9289,150249.23,72651.235
600290.SH,20190709,4.76,4.78,4.69,4.77,4.76,0.01,0.2101,65243.0,30952.731
600290.SH,20190710,4.74,4.8,4.72,4.76,4.77,-0.01,-0.2096,66339.0,31544.721
600290.SH,20190711,4.78,4.82,4.67,4.69,4.76,-0.07,-1.4706,79692.0,37810.599
600290.SH,20190712,4.69,4.71,4.65,4.69,4.69,0.0,0.0,66973.0,31371.633
600290.SH,20190715,4.69,4.72,4.54,4.7,4.69,0.01,0.2132,85835.86,39825.175
600290.SH,20190716,4.7,4.72,4.64,4.66,4.7,-0.04,-0.8511,63056.7,29459.61
600290.SH,20190717,4.66,4.8,4.64,4.8,4.66,0.14,3.0043,96669.8,45713.153
600290.SH,20190718,4.79,4.9,4.63,4.63,4.8,-0.17,-3.5417,147483.0,70038.539
600290.SH,20190719,4.56,4.67,4.55,4.57,4.63,-0.06,-1.2959,105811.0,48782.306
600290.SH,20190722,4.61,4.61,4.26,4.32,4.57,-0.25,-5.4705,104680.0,45902.301
600290.SH,20190723,4.35,4.4,4.31,4.4,4.32,0.08,1.8519,53179.3,23278.82
600290.SH,20190724,4.32,4.46,4.29,4.4,4.4,0.0,0.0,147216.5,64769.822
600290.SH,20190725,4.37,4.62,4.35,4.45,4.4,0.05,1.1364,260004.5,116697.032
600290.SH,20190726,4.37,4.41,4.32,4.33,4.45,-0.12,-2.6966,124377.99,54125.888
600290.SH,20190729,4.31,4.35,4.3,4.33,4.33,0.0,0.0,55677.12,24074.927
600290.SH,20190730,4.33,4.41,4.3,4.37,4.33,0.04,0.9238,96016.14,41997.568
600290.SH,20190731,4.36,4.37,4.32,4.37,4.37,0.0,0.0,52439.14,22815.442
600290.SH,20190801,4.31,4.55,4.31,4.43,4.37,0.06,1.373,211378.01,93899.26
600290.SH,20190802,4.34,4.35,4.2,4.28,4.43,-0.15,-3.386,116344.7,49607.237
600290.SH,20190805,4.26,4.35,4.22,4.27,4.28,-0.01,-0.2336,65961.02,28281.36
600290.SH,20190806,4.19,4.19,3.88,3.95,4.27,-0.32,-7.4941,194038.67,77565.653
600290.SH,20190807,4.0,4.0,3.84,3.84,3.95,-0.11,-2.7848,135561.0,53239.076
600290.SH,20190808,3.87,3.95,3.87,3.9,3.84,0.06,1.5625,103583.0,40513.415
600290.SH,20190809,3.94,4.06,3.85,3.87,3.9,-0.03,-0.7692,132331.02,52374.795
600290.SH,20190812,3.91,3.96,3.84,3.92,3.87,0.05,1.292,73678.15,28618.981
600290.SH,20190813,3.88,3.89,3.78,3.81,3.92,-0.11,-2.8061,121864.0,46532.948
600290.SH,20190814,3.86,3.89,3.81,3.83,3.81,0.02,0.5249,101803.5,39218.898
600290.SH,20190815,3.74,3.83,3.63,3.83,3.83,0.0,0.0,136918.87,50886.91
600290.SH,20190816,3.8,3.87,3.78,3.79,3.83,-0.04,-1.0444,128500.16,49127.384
600290.SH,20190819,3.83,3.95,3.8,3.94,3.79,0.15,3.9578,146348.51,56838.076
600290.SH,20190820,3.96,4.01,3.9,3.92,3.94,-0.02,-0.5076,130432.14,51588.307
600290.SH,20190821,3.96,4.04,3.92,3.98,3.92,0.06,1.5306,132397.76,52688.332
600290.SH,20190822,3.99,4.02,3.95,4.01,3.98,0.03,0.7538,108651.39,43291.772
600290.SH,20190823,3.99,4.14,3.98,4.04,4.01,0.03,0.7481,178287.1,72613.431
600290.SH,20190826,3.92,4.09,3.91,4.08,4.04,0.04,0.9901,133358.4,53488.581
600290.SH,20190827,4.06,4.22,4.06,4.19,4.08,0.11,2.6961,174593.81,72393.4
600290.SH,20190828,4.21,4.29,4.14,4.16,4.19,-0.03,-0.716,132777.67,55650.328
600290.SH,20190829,4.18,4.23,4.13,4.15,4.16,-0.01,-0.2404,122035.36,51051.16
600290.SH,20190830,4.17,4.21,4.02,4.06,4.15,-0.09,-2.1687,128325.5,52636.34
600290.SH,20190902,4.12,4.3,4.09,4.23,4.06,0.17,4.1872,167412.0,70393.537
600290.SH,20190903,4.28,4.29,4.2,4.24,4.23,0.01,0.2364,115539.53,48909.104
600290.SH,20190904,4.25,4.4,4.21,4.28,4.24,0.04,0.9434,205397.44,87873.641
600290.SH,20190905,4.28,4.35,4.26,4.31,4.28,0.03,0.7009,192443.66,83078.364
600290.SH,20190906,4.35,4.37,4.27,4.31,4.31,0.0,0.0,130057.57,56142.305
600290.SH,20190909,4.35,4.46,4.33,4.45,4.31,0.14,3.2483,175807.01,77382.57
600290.SH,20190910,4.48,4.51,4.41,4.46,4.45,0.01,0.2247,136006.1,60483.248
600290.SH,20190911,4.45,4.59,4.43,4.45,4.46,-0.01,-0.2242,149373.31,67264.735
600290.SH,20190912,4.46,4.59,4.46,4.58,4.45,0.13,2.9213,156283.19,70842.237
600290.SH,20190916,4.58,4.61,4.52,4.56,4.58,-0.02,-0.4367,135724.0,62031.965
600290.SH,20190917,4.57,4.57,4.34,4.38,4.56,-0.18,-3.9474,194926.54,86075.865
600290.SH,20190918,4.38,4.47,4.31,4.35,4.38,-0.03,-0.6849,118036.01,51716.807
600290.SH,20190919,4.36,4.79,4.24,4.67,4.35,0.32,7.3563,450006.96,203076.62
600290.SH,20190920,4.55,4.59,4.42,4.44,4.67,-0.23,-4.9251,346936.76,155807.28
600290.SH,20190923,4.4,4.41,4.27,4.3,4.44,-0.14,-3.1532,161197.2,69627.428
600290.SH,20190924,4.29,4.35,4.26,4.28,4.3,-0.02,-0.4651,118194.0,50950.09
600290.SH,20190925,4.27,4.27,4.1,4.11,4.28,-0.17,-3.972,136693.0,56922.631
600290.SH,20190926,4.13,4.16,3.97,3.97,4.11,-0.14,-3.4063,107147.61,43248.857
600290.SH,20190927,3.99,4.06,3.99,4.0,3.97,0.03,0.7557,59350.7,23906.673
600290.SH,20190930,4.01,4.05,3.96,3.96,4.0,-0.04,-1.0,57646.0,23036.017
600290.SH,20191008,3.96,4.03,3.93,3.97,3.96,0.01,0.2525,57457.08,22917.497
600290.SH,20191009,3.99,4.07,3.94,4.06,3.97,0.09,2.267,95287.6,38446.348
600290.SH,20191010,4.04,4.1,4.02,4.1,4.06,0.04,0.9852,70774.81,28827.979
600290.SH,20191011,4.1,4.12,4.03,4.08,4.1,-0.02,-0.4878,69843.32,28436.83
600290.SH,20191014,4.11,4.16,4.09,4.14,4.08,0.06,1.4706,89557.33,36990.735
600290.SH,20191015,4.12,4.14,4.05,4.08,4.14,-0.06,-1.4493,59909.0,24496.05
600290.SH,20191016,4.1,4.13,4.0,4.03,4.08,-0.05,-1.2255,59665.23,24294.585
600290.SH,20191017,4.01,4.05,3.97,3.98,4.03,-0.05,-1.2407,43842.01,17581.437
600290.SH,20191018,4.0,4.01,3.88,3.91,3.98,-0.07,-1.7588,81516.17,32064.651
600290.SH,20191021,3.9,4.3,3.82,4.15,3.91,0.24,6.1381,345411.31,143517.843
600290.SH,20191022,4.1,4.15,3.97,4.05,4.15,-0.1,-2.4096,244337.73,98652.818
600290.SH,20191023,4.05,4.05,3.95,3.97,4.05,-0.08,-1.9753,129665.32,51577.17
600290.SH,20191024,3.95,3.99,3.91,3.93,3.97,-0.04,-1.0076,81465.54,32151.457
600290.SH,20191025,3.93,3.97,3.88,3.95,3.93,0.02,0.5089,67993.7,26710.718
600290.SH,20191028,3.95,4.07,3.92,4.03,3.95,0.08,2.0253,120959.0,48586.993
600290.SH,20191029,4.05,4.08,3.98,3.98,4.03,-0.05,-1.2407,96281.01,38840.044
600290.SH,20191030,4.01,4.01,3.87,3.92,3.98,-0.06,-1.5075,80668.01,31686.099
600290.SH,20191031,3.91,3.93,3.86,3.87,3.92,-0.05,-1.2755,69348.1,27002.933
600290.SH,20191101,3.86,3.91,3.82,3.89,3.87,0.02,0.5168,53021.0,20536.25
600290.SH,20191104,3.91,3.93,3.85,3.87,3.89,-0.02,-0.5141,63861.92,24796.429
600290.SH,20191105,3.86,3.91,3.82,3.87,3.87,0.0,0.0,56691.43,21927.96
600290.SH,20191106,3.88,3.88,3.83,3.84,3.87,-0.03,-0.7752,41449.0,15962.881
600290.SH,20191107,3.83,3.86,3.82,3.85,3.84,0.01,0.2604,33587.06,12900.669
600290.SH,20191108,3.85,4.1,3.85,3.91,3.85,0.06,1.5584,110888.87,43935.231
600290.SH,20191111,3.91,3.91,3.81,3.83,3.91,-0.08,-2.046,54660.36,21008.421
600290.SH,20191112,3.83,3.85,3.73,3.82,3.83,-0.01,-0.2611,49544.0,18771.581
600290.SH,20191113,3.82,3.83,3.75,3.78,3.82,-0.04,-1.0471,34258.0,12947.86
600290.SH,20191114,3.78,3.8,3.76,3.79,3.78,0.01,0.2646,34005.0,12860.37
600290.SH,20191115,3.79,3.79,3.69,3.7,3.79,-0.09,-2.3747,43324.0,16214.985
600290.SH,20191118,3.7,3.74,3.7,3.72,3.7,0.02,0.5405,22460.21,8359.779
600290.SH,20191119,3.7,3.76,3.61,3.75,3.72,0.03,0.8065,73658.36,27269.311
600290.SH,20191120,3.75,3.83,3.72,3.75,3.75,0.0,0.0,69188.0,26097.823
600290.SH,20191121,3.74,3.93,3.72,3.82,3.75,0.07,1.8667,98784.0,37851.904
600290.SH,20191122,3.78,3.88,3.78,3.81,3.82,-0.01,-0.2618,80431.0,30755.374
600290.SH,20191125,3.43,3.43,3.43,3.43,3.81,-0.38,-9.9738,165908.0,56906.444
600290.SH,20191126,3.21,3.32,3.1,3.12,3.43,-0.31,-9.0379,433424.94,138120.269
600290.SH,20191127,3.07,3.07,2.97,3.0,3.12,-0.12,-3.8462,326436.92,98645.578
600290.SH,20191128,2.97,2.99,2.88,2.93,3.0,-0.07,-2.3333,249052.54,72819.757
600290.SH,20191129,2.92,2.95,2.91,2.95,2.93,0.02,0.6826,143211.11,42000.026
600290.SH,20191202,2.94,2.96,2.9,2.91,2.95,-0.04,-1.3559,119661.78,35024.305
600290.SH,20191203,2.84,2.93,2.77,2.92,2.91,0.01,0.3436,214789.14,61289.466
600290.SH,20191204,2.89,3.09,2.89,2.95,2.92,0.03,1.0274,278795.51,83155.093
600290.SH,20191205,2.93,2.98,2.92,2.94,2.95,-0.01,-0.339,171418.8,50299.933
600290.SH,20191206,2.95,2.96,2.9,2.93,2.94,-0.01,-0.3401,134336.24,39285.3
600290.SH,20191209,2.93,2.94,2.89,2.9,2.93,-0.03,-1.0239,153107.64,44499.817
600290.SH,20191210,2.91,2.91,2.82,2.9,2.9,0.0,0.0,190637.11,54769.377
600290.SH,20191211,2.89,3.01,2.88,2.93,2.9,0.03,1.0345,294290.93,86295.119
600290.SH,20191212,2.94,2.95,2.85,2.85,2.93,-0.08,-2.7304,194407.79,56083.671
600290.SH,20191213,2.87,2.92,2.86,2.91,2.85,0.06,2.1053,184211.7,53370.735
600290.SH,20191216,2.93,2.97,2.89,2.96,2.91,0.05,1.7182,263746.17,77438.015
600290.SH,20191217,2.99,3.14,2.97,3.09,2.96,0.13,4.3919,469835.63,143464.795
600290.SH,20191218,3.13,3.4,3.06,3.4,3.09,0.31,10.0324,736682.58,238188.595
600290.SH,20191219,3.5,3.74,3.42,3.74,3.4,0.34,10.0,863945.6,316206.861
600290.SH,20191220,3.7,3.7,3.37,3.4,3.74,-0.34,-9.0909,1075663.15,377017.191
600290.SH,20191223,3.26,3.3,3.17,3.17,3.4,-0.23,-6.7647,505882.64,162635.646
600290.SH,20191224,3.17,3.49,3.13,3.49,3.17,0.32,10.0946,788000.29,267229.375
600290.SH,20191226,3.32,3.32,3.32,3.32,3.49,-0.17,-4.8711,2227.0,739.364
